n = 1000
Tp = 1
ts = 4000
r = 7000
0,6323,4818
1,6237,8320
2,3052,5403
3,2810,4675
4,6390,8569
5,5488,675
6,3410,1974
7,5704,6491
8,1503,9140
9,2966,5708
10,9496,5691
11,6822,1378
12,9657,2799
13,1205,7855
14,5073,6650
15,9740,6855
16,2691,5787
17,5975,5240
18,3592,8330
19,5380,1827
20,2415,3030
21,9495,1067
22,9652,5981
23,2986,3321
24,9774,1992
25,7218,8106
26,1009,3793
27,6413,4086
28,2500,2594
29,2967,1869
30,6910,8203
31,1211,575
32,9226,6718
33,5719,1048
34,9849,4715
35,7384,6183
36,3990,5475
37,5060,826
38,3924,6572
39,4919,5528
40,7236,6864
41,3733,2682
42,6099,2146
43,5647,471
44,5760,7758
45,5632,5770
46,2203,8620
47,1543,1010
48,9881,6033
49,9455,9350
50,9748,8433
51,793,9155
52,6496,9221
53,9259,2531
54,232,4068
55,5490,843
56,7942,6930
57,8419,5042
58,5729,5746
59,5376,4377
60,2273,8169
61,486,9964
62,4974,1121
63,8258,5731
64,902,6246
65,2228,949
66,6750,65
67,5611,6042
68,2944,782
69,9136,2234
70,3650,1292
71,7439,8807
72,615,5600
73,4096,2885
74,7919,5926
75,3220,7026
76,8794,6086
77,4187,4581
78,4921,8639
79,7330,9543
80,2629,850
81,9913,3976
82,713,9118
83,6307,0
84,3498,1555
85,5863,3828
86,8024,1749
87,4883,6544
88,2204,6511
89,8720,5383
90,4753,2545
91,240,8132
92,1535,392
93,1812,5323
94,9874,8985
95,4458,3410
96,2953,2665
97,9588,7910
98,6507,3468
99,4052,8539
100,468,8248
101,355,6467
102,6860,7045
103,6001,2714
104,4121,5763
105,3350,6412
106,4395,8088
107,9479,4243
108,7957,5909
109,6980,5153
110,2348,7188
111,1103,3287
112,1799,3600
113,1495,8832
114,8534,2688
115,8098,5437
116,3296,5649
117,6889,7693
118,3716,9791
119,7869,1208
120,4753,128
121,3575,1832
122,8993,78
123,1165,4101
124,7584,543
125,3473,9900
126,6506,3555
127,6275,2443
128,9954,8713
129,9847,9531
130,2880,2237
131,7425,602
132,2546,7202
133,7357,6085
134,1187,7496
135,6891,2078
136,9384,3178
137,1495,7920
138,4759,3511
139,9911,5804
140,3795,219
141,285,9582
142,1938,6202
143,6476,5441
144,6223,1560
145,9688,844
146,6315,2360
147,5302,3464
148,3071,2511
149,3394,3134
150,332,6675
151,1248,6802
152,6259,8197
153,7514,70
154,2529,5256
155,5736,3708
156,50,5294
157,5469,6477
158,3239,126
159,9758,6559
160,818,6547
161,7181,5125
162,2925,676
163,9524,9833
164,634,6299
165,9278,7487
166,8709,8629
167,9887,5238
168,5462,9013
169,3635,5616
170,9683,3061
171,3444,2539
172,6146,4746
173,8821,3499
174,8300,5458
175,4283,5270
176,8701,3629
177,7852,5436
178,8536,3941
179,8271,5953
180,6776,5116
181,803,9209
182,1537,1921
183,5420,8815
184,8660,3966
185,215,9489
186,6065,2752
187,5007,6763
188,9847,9156
189,2536,2846
190,3351,1195
191,3593,4413
192,3895,3545
193,823,6980
194,6418,8096
195,4348,6022
196,5500,4676
197,3990,4673
198,6068,1115
199,5323,1760
200,5186,3331
201,4219,5757
202,8559,8415
203,5710,6240
204,4900,5920
205,9772,4953
206,9275,6348
207,8379,8118
208,6434,7165
209,3843,7777
210,9710,7480
211,5982,3114
212,3483,1305
213,5307,2412
214,1793,1144
215,3393,7614
216,7091,1642
217,5392,4024
218,3314,5222
219,4116,7136
220,8078,2433
221,4691,1488
222,4812,3865
223,8485,534
224,1106,2779
225,1604,2536
226,1727,7746
227,1545,8305
228,9401,2125
229,7125,8509
230,1966,6299
231,9505,8381
232,1612,6981
233,7725,4279
234,7564,2408
235,6869,8157
236,8008,4221
237,7842,8536
238,1038,3735
239,1420,5392
240,3436,1977
241,5661,4939
242,5579,7121
243,9761,5905
244,8665,8533
245,5642,2279
246,4734,2024
247,5167,4368
248,4368,9081
249,5988,3900
250,4514,4569
251,2725,3947
252,8567,5495
253,6669,7459
254,4484,8041
255,9331,2586
256,5684,8873
257,2243,8416
258,5301,1242
259,5723,6747
260,5391,181
261,4844,4065
262,2757,7684
263,896,8556
264,4436,8730
265,7563,7709
266,7816,4734
267,1289,9216
268,9470,5730
269,9335,7847
270,7892,9668
271,1550,8293
272,5501,8048
273,8954,4506
274,3601,9168
275,7930,7734
276,5312,5889
277,6719,4252
278,8791,9427
279,1271,2468
280,9339,5980
281,1235,1933
282,3699,2234
283,5700,2717
284,3186,7604
285,2997,2598
286,5137,9307
287,8306,488
288,6364,8418
289,2070,8893
290,1123,8375
291,4658,4836
292,3088,8717
293,1977,5357
294,2584,9559
295,5464,1166
296,7322,7091
297,6691,4864
298,9861,4113
299,7195,7513
300,5527,9183
301,2555,6982
302,9199,5299
303,946,2325
304,9844,2291
305,9083,3965
306,3262,1876
307,2295,9642
308,8802,7021
309,5117,7097
310,4556,2247
311,3559,4332
312,4133,147
313,7326,6970
314,6739,1336
315,3616,6486
316,7968,5720
317,3853,7946
318,2418,6238
319,6978,97
320,9657,4007
321,4540,3630
322,9320,3370
323,7598,7484
324,7099,7908
325,4734,9106
326,9031,1252
327,233,946
328,5199,5760
329,4695,2159
330,4466,3123
331,2633,9545
332,5409,7459
333,1951,2935
334,1806,6419
335,678,7311
336,7425,5394
337,1262,196
338,7444,9933
339,7322,5581
340,4430,9384
341,5345,3006
342,1421,6708
343,5985,7350
344,4204,2926
345,8995,3908
346,436,1492
347,8777,678
348,7551,6101
349,7364,3423
350,6391,9571
351,1219,9556
352,8573,7415
353,7429,676
354,6502,6514
355,8127,2642
356,7312,3004
357,9850,2112
358,5090,4875
359,1267,777
360,9761,4432
361,7526,6315
362,3519,1233
363,2485,1280
364,4765,2815
365,3041,2552
366,4338,8965
367,2844,9268
368,2532,2156
369,6341,7985
370,1858,1484
371,2098,7662
372,5860,8995
373,5404,492
374,2170,5979
375,9924,9810
376,3890,124
377,4724,7194
378,6981,6430
379,8496,1452
380,5825,7624
381,7290,4772
382,9393,4986
383,8789,8450
384,7655,9107
385,4882,1439
386,7132,1296
387,3350,183
388,7391,1762
389,3581,5079
390,2985,4107
391,7287,5827
392,6834,660
393,2752,2436
394,6300,2414
395,1662,1213
396,8236,2083
397,8387,6761
398,1449,2728
399,5490,5891
400,9629,6514
401,5471,1330
402,9992,785
403,6735,5966
404,5428,2445
405,7583,9955
406,4148,7052
407,1360,5025
408,37,3726
409,7439,8893
410,5686,629
411,3875,2392
412,9492,1572
413,2560,7770
414,3038,5986
415,1480,2331
416,2584,5003
417,4017,6446
418,4746,9748
419,3042,746
420,5000,3753
421,9975,4518
422,7021,5524
423,9475,1312
424,9104,2492
425,181,8410
426,1257,4456
427,292,6913
428,4701,8190
429,1636,2059
430,756,573
431,9274,3773
432,5708,4643
433,412,3783
434,8967,5292
435,7105,1021
436,9823,7128
437,8536,1106
438,265,9479
439,7093,1779
440,3031,8291
441,1542,2253
442,3864,1466
443,6676,1980
444,3242,4071
445,5956,2529
446,6144,268
447,6413,2750
448,3390,7806
449,4212,8498
450,7857,2221
451,6194,5628
452,7532,6911
453,1688,3805
454,5580,1096
455,441,5631
456,5309,2967
457,9877,3052
458,6806,288
459,6039,8956
460,8976,833
461,6132,3854
462,3508,9380
463,9619,4898
464,6257,8160
465,3676,6993
466,2653,8252
467,6713,9082
468,9507,2241
469,6505,362
470,7403,4075
471,3747,279
472,4951,7196
473,4488,2537
474,6729,7677
475,7217,2918
476,4194,9458
477,7240,3992
478,725,6184
479,818,8204
480,5882,2893
481,8233,250
482,8527,1852
483,5640,1916
484,6985,1364
485,1840,6094
486,7688,389
487,9624,4544
488,1144,4710
489,4609,9626
490,2228,5477
491,2871,3885
492,7941,764
493,3619,2482
494,632,140
495,7085,8385
496,7549,9049
497,6063,7456
498,8411,1266
499,4069,3734
500,818,6379
501,385,6443
502,9240,8889
503,2155,5374
504,5125,857
505,9285,4178
506,3754,3325
507,5772,7910
508,780,9140
509,1770,7120
510,9039,2821
511,7049,8693
512,333,520
513,642,951
514,9974,3457
515,6291,6908
516,6577,521
517,2191,711
518,7648,7595
519,2192,725
520,9329,3416
521,4151,7573
522,4881,2184
523,740,789
524,3116,7694
525,9137,7430
526,639,8022
527,9464,3275
528,4431,5501
529,4166,8643
530,5682,2349
531,8279,5697
532,3434,6708
533,5248,532
534,5538,4320
535,7243,8792
536,1057,6681
537,1549,3432
538,5804,8091
539,2292,1629
540,3480,5838
541,8284,1096
542,9645,4644
543,945,4840
544,4726,830
545,1694,4089
546,8852,2523
547,8068,6953
548,1906,4014
549,4934,2488
550,8020,2859
551,1681,572
552,4233,1567
553,7801,5149
554,9151,1321
555,6991,1619
556,9557,2760
557,1550,7067
558,7499,642
559,3973,2224
560,1734,1501
561,543,6876
562,4545,6670
563,8238,2602
564,7133,2845
565,4054,4518
566,5976,913
567,6133,2420
568,8507,8989
569,1936,3706
570,6958,5766
571,3273,8315
572,9174,624
573,7453,5393
574,7087,2452
575,2313,9686
576,3380,1536
577,2029,9599
578,1035,1339
579,4073,9110
580,334,6963
581,2692,7282
582,8788,6533
583,6251,181
584,5518,7384
585,7798,6626
586,1021,3735
587,7862,2297
588,3904,8249
589,1211,9152
590,363,7247
591,5762,9631
592,1188,4489
593,6700,8920
594,5191,8197
595,5449,626
596,7434,7045
597,4995,1217
598,4778,764
599,1608,8723
600,7892,1732
601,9615,985
602,7120,6367
603,8715,7456
604,7351,6281
605,5133,2155
606,725,6198
607,8771,5167
608,6617,1917
609,1103,6858
610,4778,1696
611,2643,8161
612,2212,3799
613,9432,1237
614,7568,4216
615,7614,6689
616,945,5782
617,1774,1219
618,6139,5955
619,7259,5668
620,4158,6482
621,1366,9686
622,6912,574
623,7345,809
624,5464,3936
625,3323,8746
626,2902,7793
627,5050,8792
628,1345,5309
629,3271,8084
630,969,1728
631,2035,308
632,5242,2128
633,7464,6388
634,7426,102
635,9050,6731
636,7225,2522
637,5452,7733
638,9887,2362
639,7103,7490
640,9444,7862
641,6532,4250
642,6561,4603
643,7347,2795
644,2900,299
645,8644,9073
646,7080,5
647,2763,8768
648,9139,3735
649,4353,7649
650,7977,2380
651,4541,919
652,4957,5827
653,7649,2540
654,6664,7854
655,4337,173
656,1506,8131
657,5902,3295
658,4749,2099
659,6800,7021
660,1314,4804
661,8371,7375
662,4819,4302
663,9368,5000
664,3135,6014
665,893,3420
666,7508,6714
667,4743,1404
668,2942,2930
669,3178,2304
670,6286,3055
671,6219,7200
672,1974,4987
673,2461,4926
674,6896,7516
675,5319,2691
676,3118,1934
677,1479,5173
678,3405,8892
679,2960,1681
680,3267,8459
681,9663,299
682,423,7315
683,1468,7408
684,4719,2347
685,4011,4596
686,4388,6384
687,4945,6700
688,7347,2818
689,7732,2010
690,2749,2507
691,6172,6721
692,8205,8684
693,4022,9924
694,5337,6709
695,8183,8991
696,5362,9665
697,396,3297
698,2598,5868
699,576,5445
700,7109,3890
701,7688,6876
702,1936,9814
703,8456,6504
704,2765,2667
705,3432,4423
706,8935,5058
707,1921,4634
708,6435,4081
709,4050,9105
710,6221,3596
711,815,3125
712,225,4611
713,6520,8306
714,5061,5336
715,9112,367
716,8147,3995
717,1332,2732
718,645,7172
719,8483,4886
720,8073,2508
721,4653,9833
722,3332,4104
723,7980,1603
724,2483,7090
725,5535,8881
726,3132,6310
727,6446,2792
728,1443,6151
729,8551,4834
730,6264,3724
731,6135,4500
732,1470,2410
733,804,6616
734,7047,4526
735,7191,8331
736,4714,3575
737,935,4724
738,9751,4302
739,6304,2368
740,7793,8548
741,4691,2183
742,9834,1494
743,6631,1996
744,6957,7935
745,61,8134
746,3828,682
747,2977,1158
748,6953,6787
749,1532,6196
750,3370,2329
751,6550,4730
752,5413,5409
753,7993,4909
754,7731,7290
755,3889,1044
756,6306,153
757,640,8966
758,5131,1105
759,6254,804
760,2178,2496
761,8861,3488
762,5819,5145
763,6378,4377
764,4969,5929
765,6240,9556
766,1521,456
767,774,4537
768,3742,6831
769,7337,8167
770,7118,6496
771,9652,9940
772,1882,6550
773,8491,3044
774,7939,2458
775,8,2405
776,6055,4287
777,5100,9894
778,4338,3914
779,9031,9378
780,3377,9058
781,707,4477
782,4834,8784
783,7963,8169
784,2824,4803
785,2073,1653
786,6923,435
787,572,3539
788,3836,5407
789,408,2981
790,2917,2021
791,1960,4499
792,4223,2462
793,3758,363
794,2157,6692
795,427,6661
796,9894,2912
797,7370,9042
798,5616,9588
799,1975,9617
800,2984,3826
801,6014,4269
802,1678,9575
803,3517,679
804,7132,5176
805,2731,3211
806,5527,1127
807,9778,6033
808,2143,6866
809,4999,1747
810,6257,5832
811,8763,5766
812,843,2984
813,5066,6087
814,463,9257
815,2704,7235
816,8657,3088
817,5323,8386
818,187,6961
819,5388,130
820,560,4373
821,3799,988
822,2924,2595
823,3674,1108
824,9226,1871
825,7035,2946
826,9824,1468
827,9369,6312
828,6229,9887
829,388,7088
830,2323,3585
831,8329,8852
832,5064,8737
833,7110,2761
834,5542,4420
835,828,3304
836,6857,425
837,4177,8138
838,8184,1166
839,9317,7152
840,5525,1656
841,1437,748
842,9392,6899
843,4331,6128
844,9304,9847
845,3183,961
846,6672,1443
847,1382,5015
848,7664,5800
849,9617,8580
850,2818,3348
851,7313,8734
852,1773,2746
853,2173,2299
854,5648,9435
855,4390,4984
856,8468,3219
857,3666,7830
858,7731,1234
859,1332,7346
860,2455,5749
861,5661,8527
862,9850,7552
863,1516,6545
864,6221,635
865,3137,2105
866,4517,1078
867,4159,3544
868,3184,906
869,5407,130
870,8646,5710
871,65,3969
872,5930,2835
873,8750,963
874,2702,7580
875,2745,7953
876,7718,5133
877,9172,124
878,2454,7167
879,62,9286
880,5045,2077
881,3210,8554
882,978,878
883,2555,6698
884,1029,559
885,251,3779
886,367,3724
887,8955,4463
888,5579,6475
889,4068,7862
890,3750,1318
891,3949,5778
892,3482,7795
893,3654,2542
894,3126,8225
895,480,9641
896,538,6769
897,1967,4477
898,5709,4015
899,2216,5719
900,7313,5403
901,6628,2034
902,1439,6152
903,9607,5477
904,684,6385
905,6346,6949
906,6109,9459
907,5540,4280
908,8519,2923
909,3111,856
910,9983,9740
911,7895,5295
912,1536,7788
913,5,2309
914,4875,7213
915,8250,8708
916,4088,5139
917,4207,3652
918,7130,8103
919,1257,7752
920,5713,2679
921,8450,7507
922,8201,2663
923,9362,5368
924,2336,8792
925,7165,7822
926,7157,499
927,2629,1436
928,348,6499
929,3440,1526
930,9806,2044
931,7221,4420
932,1629,3932
933,5712,8332
934,1268,9004
935,8773,3803
936,6637,34
937,6753,7349
938,5789,9287
939,188,5782
940,3674,9168
941,6986,4532
942,8844,8587
943,8369,3924
944,5761,2296
945,3508,4693
946,4619,6321
947,2606,3052
948,948,6744
949,4459,3389
950,6946,4459
951,7728,8915
952,4677,342
953,187,1821
954,4732,1270
955,4869,6038
956,7208,3077
957,5427,7678
958,361,1095
959,7836,7018
960,7700,5456
961,405,2932
962,502,8112
963,4984,624
964,9074,4300
965,9011,6189
966,1366,4617
967,2493,6404
968,156,8695
969,8915,4785
970,8748,9225
971,6193,107
972,8271,9661
973,6940,9025
974,3054,1132
975,523,6290
976,1960,7999
977,6022,8057
978,7811,9179
979,8663,9476
980,7978,1451
981,174,9695
982,7349,2633
983,8112,1938
984,5335,1689
985,1055,8228
986,4816,3954
987,692,3193
988,8610,2618
989,1817,2431
990,3392,4077
991,1459,4210
992,4834,8601
993,9037,5879
994,3078,2809
995,5056,6011
996,2497,9579
997,7806,5544
998,8163,3168
999,8718,8480
