n = 2000
Tp = 1
ts = 4000
r = 11000
0,5006,1771
1,2383,9506
2,903,4202
3,504,2919
4,428,3814
5,6605,9395
6,5645,4081
7,7293,6827
8,3236,4455
9,4937,1556
10,8704,7679
11,3067,9193
12,3089,3565
13,5351,6924
14,2386,8903
15,7146,8439
16,3903,9858
17,1183,6797
18,2504,7368
19,944,2691
20,1278,7144
21,6874,1556
22,8507,1611
23,7929,2949
24,3550,5854
25,6018,7094
26,3331,8801
27,1664,6834
28,2225,5498
29,725,627
30,7213,775
31,7778,6628
32,4493,5054
33,4211,1077
34,662,3587
35,1793,997
36,5766,2182
37,2843,8463
38,8942,1685
39,8319,5315
40,8871,5077
41,6145,2927
42,4022,4089
43,4382,3706
44,1578,6493
45,5403,6542
46,161,2226
47,2278,7055
48,218,8773
49,8830,796
50,3414,6030
51,1903,3777
52,6920,8290
53,5733,6774
54,6027,6502
55,1282,584
56,1667,7377
57,3210,6818
58,6619,652
59,8187,4648
60,158,2984
61,6827,4319
62,2785,2044
63,4649,5580
64,9373,474
65,1190,9592
66,6714,3549
67,236,7708
68,8679,2338
69,3212,9151
70,4567,4543
71,1894,6953
72,2917,7844
73,9953,6563
74,4136,7261
75,1690,7118
76,9377,2465
77,4665,1788
78,2049,2218
79,9936,3071
80,1448,2273
81,4909,76
82,4696,5749
83,7966,1146
84,4024,1080
85,9956,5293
86,4164,70
87,7536,1738
88,8898,4003
89,1737,679
90,9951,7920
91,7616,5185
92,6568,4250
93,3595,4296
94,1077,6447
95,4382,9323
96,6287,6797
97,7864,1531
98,8435,7993
99,9720,5855
100,8526,9481
101,5408,9572
102,3336,8063
103,2802,670
104,8973,9858
105,3080,2144
106,8678,4778
107,7472,740
108,5783,8984
109,5827,3447
110,1953,1632
111,7719,9476
112,3143,8356
113,394,3339
114,8958,1134
115,1471,7566
116,6558,4217
117,3829,4504
118,4821,9277
119,7330,1547
120,5019,5925
121,6768,2564
122,7456,5598
123,8110,5404
124,5809,591
125,8855,3406
126,6425,3776
127,4687,6768
128,2404,2760
129,2425,3376
130,2287,4951
131,4053,1100
132,2923,3932
133,7895,7166
134,5121,8180
135,9172,6882
136,3743,8960
137,9846,7366
138,3152,4913
139,2126,7773
140,874,6835
141,6584,3887
142,3249,4163
143,9498,3185
144,8297,8702
145,3079,2956
146,6008,8888
147,496,669
148,5386,9270
149,4586,9688
150,5230,9928
151,9451,7274
152,8750,8486
153,9485,6954
154,812,7158
155,4053,538
156,7751,8680
157,3805,2608
158,6957,78
159,1421,4699
160,6971,5899
161,7193,9461
162,6127,6630
163,1812,2852
164,3566,603
165,8274,4460
166,3714,5758
167,1627,6469
168,2795,3965
169,3963,7140
170,1783,3490
171,1078,7416
172,7308,6497
173,7689,6995
174,8801,3780
175,5067,9812
176,8125,5729
177,803,7389
178,5319,6084
179,7411,6646
180,6844,1886
181,4338,7997
182,159,8362
183,1912,4439
184,8027,2408
185,3394,9048
186,7556,7752
187,4149,891
188,1516,1428
189,2751,9134
190,4529,7098
191,6393,1726
192,5795,5941
193,4472,6154
194,8884,2263
195,7635,1590
196,2280,7621
197,7151,4927
198,1787,9199
199,774,1349
200,2642,6634
201,3943,6538
202,7753,2604
203,3734,1654
204,6796,5348
205,836,8085
206,7169,4147
207,7049,3021
208,6339,2315
209,5470,9951
210,217,5698
211,6439,3913
212,1541,9586
213,5885,4294
214,2329,1329
215,9242,1155
216,7539,3976
217,3422,3103
218,5833,6563
219,4894,5086
220,5519,5172
221,1980,9082
222,1926,9796
223,7969,5719
224,3678,4518
225,5207,9776
226,3036,6329
227,4308,6163
228,5143,8571
229,9280,1510
230,9468,5125
231,2647,8933
232,7378,87
233,5898,9930
234,6936,3904
235,5248,375
236,5610,5769
237,9354,1058
238,7154,719
239,6021,7485
240,9051,5148
241,1752,3058
242,416,3057
243,4028,3096
244,2051,9394
245,5531,4260
246,5498,7614
247,9042,9726
248,1764,5209
249,2288,3439
250,7226,1016
251,6849,7748
252,1136,8840
253,2260,9154
254,8266,1259
255,9767,5942
256,715,3088
257,8548,9895
258,8825,5934
259,5877,1051
260,2941,4700
261,4660,9714
262,6534,1056
263,7069,51
264,6237,6243
265,3476,8450
266,8067,9134
267,2707,9034
268,2758,3363
269,8860,3788
270,4066,1993
271,2893,52
272,9109,7221
273,1985,1509
274,731,5906
275,9187,7105
276,7064,8270
277,6125,2870
278,6708,3392
279,5678,7400
280,3392,457
281,3194,4599
282,4279,6
283,876,5517
284,4575,3775
285,4951,1078
286,3439,5695
287,6730,6908
288,2906,2705
289,6801,9886
290,1258,4499
291,8856,9133
292,6296,6282
293,2443,8899
294,104,626
295,1400,1456
296,4753,527
297,6950,9202
298,7481,3349
299,479,3712
300,4608,3232
301,4361,7107
302,1507,3425
303,2210,9122
304,8641,294
305,7641,2216
306,9898,9973
307,6490,8356
308,8323,4452
309,7233,7565
310,4837,4728
311,2192,7904
312,4534,1097
313,8955,2424
314,7855,5342
315,1649,2904
316,604,1082
317,9973,3415
318,7219,4226
319,8346,7737
320,284,1881
321,5869,3942
322,3439,27
323,3516,5370
324,650,7586
325,9269,2601
326,7713,9832
327,9657,1116
328,8736,3962
329,4159,2667
330,173,3637
331,6468,2489
332,4072,1777
333,848,4711
334,5812,3206
335,1765,8454
336,6159,7326
337,8753,2013
338,7597,2617
339,6482,7026
340,115,5127
341,4473,8553
342,6431,2998
343,5943,4967
344,7909,6664
345,9220,6849
346,1893,1391
347,5710,9190
348,7064,9752
349,2798,2261
350,3640,2402
351,9255,7837
352,2991,9129
353,7560,2159
354,1752,1556
355,9617,2209
356,4978,7239
357,1346,5298
358,483,4213
359,910,8886
360,5369,5109
361,5886,3725
362,9052,6992
363,8339,8676
364,7871,3045
365,8579,1271
366,9653,8009
367,1365,5665
368,4576,7710
369,6263,8258
370,6852,7519
371,4156,5627
372,8042,9589
373,8804,5561
374,7025,8265
375,3155,8380
376,5295,8663
377,483,1155
378,9878,7403
379,4101,7046
380,5009,1114
381,2483,2176
382,5581,5120
383,9825,1735
384,6645,1697
385,8210,4776
386,1013,9246
387,2231,6980
388,4128,3255
389,146,8209
390,8013,9495
391,2937,1742
392,6300,8448
393,2277,5480
394,4183,8020
395,1594,9426
396,9299,6813
397,81,3220
398,1958,6938
399,8865,2450
400,5538,1526
401,8813,7655
402,4639,1094
403,2935,9903
404,8568,6031
405,7681,4558
406,8795,8290
407,9092,5696
408,3236,8933
409,9722,9422
410,8723,1680
411,7653,5721
412,1401,1616
413,5891,2359
414,4610,555
415,5753,8343
416,4828,6289
417,9980,4626
418,6887,779
419,7534,4528
420,180,2514
421,3477,9636
422,2431,1535
423,6904,9110
424,7865,7323
425,8275,4811
426,3870,8642
427,7627,7138
428,7446,8648
429,1723,1389
430,9687,9096
431,5227,3018
432,215,9301
433,434,5854
434,4351,3471
435,8626,5229
436,5019,5589
437,2530,2680
438,6414,9265
439,9962,4707
440,1554,9876
441,7991,4769
442,3421,318
443,2382,7967
444,7423,8154
445,9309,8459
446,2808,6772
447,4109,8559
448,742,4216
449,484,365
450,1100,7848
451,4919,6440
452,1199,5738
453,6652,4476
454,2410,4332
455,9325,7084
456,465,4149
457,9033,6134
458,6658,8569
459,6324,5429
460,9895,8872
461,1727,9155
462,2280,9363
463,6962,2489
464,862,796
465,102,9028
466,8226,7674
467,8879,2981
468,5316,7302
469,4422,8534
470,6520,1109
471,6677,484
472,9946,3697
473,4124,8637
474,850,5910
475,5665,8568
476,6643,9031
477,979,7867
478,2669,314
479,5711,4588
480,3410,5703
481,4971,8040
482,1094,744
483,2848,6442
484,8063,6077
485,9974,4505
486,1740,1663
487,3031,9232
488,5202,8702
489,1765,4315
490,8706,9530
491,5943,9531
492,5526,6202
493,1678,422
494,5258,4141
495,5719,2686
496,3431,1179
497,9497,1660
498,3402,6070
499,8013,9705
500,8852,338
501,7022,3545
502,5402,4623
503,1286,2516
504,1021,7167
505,4616,2738
506,852,3512
507,6156,6739
508,6917,8407
509,8996,8760
510,5218,2751
511,2990,5601
512,3856,7805
513,4130,1684
514,3411,9369
515,8203,4966
516,9510,4971
517,7138,9706
518,2471,5159
519,6358,883
520,2382,9335
521,280,8360
522,9501,276
523,8483,1379
524,8227,7729
525,2713,7829
526,7435,5300
527,1608,6826
528,2850,3393
529,5195,6292
530,3462,436
531,1949,9767
532,1577,5371
533,1384,7728
534,9349,4958
535,9851,8979
536,8713,9980
537,3739,3679
538,1858,8467
539,7328,9312
540,1317,9900
541,1072,1809
542,9976,7440
543,8649,764
544,8544,2299
545,4440,2928
546,6117,588
547,3959,6510
548,9026,4453
549,898,2272
550,713,7766
551,8778,3509
552,8084,5792
553,6771,7101
554,6469,3576
555,3144,2782
556,9630,6139
557,6143,8913
558,4461,7752
559,6502,6188
560,3679,3455
561,5548,4077
562,9958,6580
563,8509,943
564,9173,4031
565,2485,3676
566,1448,2355
567,3414,2048
568,6800,4985
569,8901,8629
570,6492,1496
571,2734,240
572,5507,5683
573,3448,2808
574,3950,7088
575,7250,366
576,5619,2720
577,509,1661
578,8475,1888
579,1300,7776
580,4421,2939
581,3285,9626
582,5252,6346
583,19,6246
584,8131,4009
585,1813,1067
586,1561,4806
587,6230,4091
588,1000,6921
589,6879,2489
590,7855,5227
591,2,9461
592,3695,8292
593,8349,3526
594,8490,9877
595,3230,5250
596,4903,2110
597,5846,3341
598,7410,9326
599,9990,347
600,5489,6485
601,3398,1764
602,6322,103
603,5957,1139
604,3200,7327
605,6938,7146
606,9780,2205
607,4745,8790
608,1927,1374
609,2785,4763
610,8021,3382
611,3586,8620
612,190,2061
613,395,9433
614,8823,9667
615,226,1285
616,7437,3585
617,5277,5394
618,9577,8062
619,8317,2844
620,5087,9306
621,7771,6639
622,5905,9658
623,9147,4757
624,4480,33
625,5884,9360
626,1106,1720
627,1489,8112
628,959,3546
629,9530,1954
630,2309,8622
631,6411,2438
632,4460,9585
633,5486,811
634,3748,2783
635,7701,7209
636,4410,9422
637,1319,6970
638,2906,7784
639,8236,5701
640,142,9955
641,5236,345
642,9236,1406
643,2177,7555
644,669,2522
645,7141,7148
646,306,2834
647,5493,5331
648,3905,633
649,4509,1762
650,5638,3871
651,5038,4254
652,7141,1647
653,9314,2320
654,8051,552
655,2560,9020
656,9540,5798
657,7131,1195
658,8798,3228
659,6133,201
660,6253,2737
661,9889,3932
662,112,4948
663,8501,2975
664,1281,8556
665,9310,4379
666,6818,2257
667,7566,9473
668,6387,8593
669,7792,3830
670,2480,1824
671,988,3547
672,7734,2975
673,3126,9256
674,3382,1399
675,337,8981
676,5170,8162
677,2913,7317
678,3365,5335
679,1614,9519
680,4192,5312
681,9764,4890
682,734,1593
683,7831,5332
684,3048,7704
685,3108,1423
686,2197,4435
687,4691,8216
688,5897,5570
689,985,3270
690,8431,9874
691,7786,2892
692,8769,6707
693,795,1323
694,7652,2047
695,9332,7895
696,7217,5176
697,2148,8563
698,3885,556
699,2016,5355
700,986,2599
701,6004,1311
702,6710,5590
703,6714,9623
704,8497,1971
705,8871,2904
706,9005,6162
707,1826,5105
708,6606,7287
709,5457,2130
710,8576,8113
711,8732,8234
712,5784,4743
713,6914,9946
714,8323,7198
715,7498,6252
716,9466,1268
717,690,3962
718,919,9692
719,9075,7628
720,7553,2870
721,1222,6850
722,6115,9722
723,4303,4633
724,4236,1953
725,3912,5182
726,7743,2592
727,9337,7933
728,9226,9858
729,2578,5156
730,2819,5025
731,4331,857
732,6479,2113
733,6579,2212
734,6412,6665
735,3700,5402
736,7934,4399
737,3400,4824
738,2647,430
739,277,5000
740,3855,4903
741,8355,9955
742,2948,8033
743,3263,4371
744,9994,8590
745,2952,4516
746,1699,3836
747,7718,2646
748,8378,5092
749,3274,6193
750,6010,1362
751,3457,3862
752,6203,8098
753,4258,3534
754,6908,7171
755,6551,3762
756,2060,5723
757,4344,5846
758,8754,4391
759,34,8338
760,301,9117
761,7783,9134
762,4918,3344
763,2639,9305
764,3106,8815
765,9021,6646
766,8659,5626
767,5388,5012
768,1197,6962
769,3016,2089
770,5766,5549
771,7721,9162
772,5863,1282
773,9433,8425
774,9407,5831
775,4375,5516
776,3159,5684
777,4980,534
778,8768,499
779,2187,2452
780,9864,6391
781,654,454
782,5692,3334
783,4875,7911
784,3815,7381
785,4989,5835
786,9065,3022
787,8735,1157
788,6771,6448
789,8139,594
790,5774,6564
791,3265,3269
792,6123,3927
793,1651,6928
794,7701,6888
795,9805,7243
796,1299,880
797,2418,6453
798,265,6329
799,2801,8148
800,4766,8093
801,3398,2346
802,9033,9516
803,4029,3222
804,2180,1561
805,3714,9380
806,3555,8754
807,7732,9138
808,1454,6026
809,8488,784
810,8537,8068
811,9017,3668
812,373,6782
813,9116,3335
814,3567,5912
815,2962,8047
816,8822,8687
817,23,5961
818,9210,5451
819,8712,8530
820,9424,2385
821,4354,9523
822,5650,5814
823,5796,8279
824,7091,9009
825,4854,1147
826,7808,2986
827,6931,5825
828,6226,6549
829,3410,3360
830,5968,1702
831,4115,6731
832,9858,4992
833,5588,1644
834,4720,2542
835,5379,6093
836,2536,588
837,2702,1891
838,6735,2227
839,2854,8840
840,7567,2751
841,8162,7251
842,5822,9791
843,5232,8438
844,2719,425
845,1222,6404
846,6834,9703
847,7799,109
848,8630,610
849,2641,2807
850,4767,137
851,4739,7499
852,6274,4686
853,5195,1257
854,5518,7133
855,7677,1944
856,4101,3018
857,2064,3374
858,3047,4566
859,7779,5816
860,9727,2253
861,5885,632
862,1975,8560
863,2562,4232
864,9575,6042
865,5457,6815
866,2827,6209
867,3754,1855
868,8258,4346
869,6461,5383
870,146,5129
871,2334,6780
872,9097,6900
873,4340,1199
874,4159,4563
875,1104,6283
876,2535,6727
877,139,9854
878,7060,9604
879,6793,4114
880,1289,8540
881,3257,3382
882,3656,7529
883,7598,6861
884,9307,5158
885,8152,1587
886,6833,954
887,427,8408
888,4289,6947
889,4674,8010
890,8874,4363
891,8684,8115
892,331,9898
893,1716,3052
894,4078,4279
895,2414,2268
896,7791,6028
897,6925,658
898,1642,2613
899,3586,7019
900,4610,2164
901,1071,960
902,8798,9637
903,4666,799
904,7055,9449
905,1997,3348
906,5036,1121
907,2826,7299
908,7390,3017
909,9355,8693
910,4696,6046
911,5303,1773
912,765,4334
913,3505,7974
914,3141,2090
915,6347,5387
916,3083,2106
917,5256,5602
918,6670,1213
919,1806,1654
920,5799,1547
921,1722,543
922,9434,8154
923,7502,5984
924,8773,9513
925,517,6749
926,325,1677
927,5880,6343
928,9880,7669
929,1497,8854
930,5694,3596
931,7548,9649
932,2152,9834
933,5237,8925
934,2851,3863
935,700,4208
936,7966,2366
937,8077,6721
938,5334,4905
939,4204,6270
940,5059,5423
941,5190,6328
942,843,7030
943,4403,4927
944,3140,6071
945,1224,6230
946,9463,5981
947,5097,9971
948,9792,8025
949,4203,5317
950,866,5142
951,2183,8114
952,6295,3908
953,7146,1324
954,8693,8899
955,3465,8336
956,9836,1069
957,3026,1003
958,4604,208
959,3742,6968
960,8020,5958
961,1411,9674
962,8133,4403
963,550,8451
964,6437,1883
965,509,6527
966,687,1630
967,6531,9200
968,5015,5169
969,6900,406
970,9323,6778
971,1032,6747
972,6230,7960
973,7517,3528
974,766,5788
975,6028,1240
976,9117,5080
977,9070,1319
978,2156,8242
979,5992,7542
980,1579,4564
981,1329,6462
982,5262,5860
983,2884,5469
984,498,1291
985,4288,7554
986,605,3685
987,6189,9202
988,3346,5300
989,6330,7189
990,9252,8080
991,5842,6288
992,2802,3279
993,1005,6367
994,3217,9213
995,2770,1951
996,9303,6520
997,4185,8245
998,9379,6939
999,2590,4815
1000,5627,3349
1001,2019,8821
1002,6989,6309
1003,2845,5226
1004,8247,3349
1005,4910,7477
1006,2081,5584
1007,1747,4455
1008,2984,224
1009,2275,1480
1010,102,296
1011,4168,4099
1012,1069,2043
1013,4554,5098
1014,1619,9528
1015,2630,9783
1016,1334,1299
1017,4158,7937
1018,4640,6048
1019,7355,2839
1020,534,8286
1021,2717,6876
1022,5995,2574
1023,9891,9263
1024,3058,1919
1025,6277,7749
1026,6864,3096
1027,9118,1174
1028,9456,8785
1029,3240,9825
1030,4992,9214
1031,6608,7708
1032,9016,8504
1033,6152,9996
1034,1499,7722
1035,6411,8813
1036,7878,7573
1037,843,8910
1038,1029,961
1039,9606,8269
1040,597,2160
1041,5431,6954
1042,5780,608
1043,2553,4795
1044,7268,6238
1045,2646,4476
1046,671,2465
1047,414,7072
1048,3893,4826
1049,6227,8248
1050,4256,150
1051,4241,5967
1052,7800,6813
1053,4027,4480
1054,9443,3034
1055,128,6580
1056,244,5607
1057,7133,7004
1058,4612,7477
1059,3148,6055
1060,2062,965
1061,5402,9568
1062,4868,4998
1063,4518,56
1064,1008,4939
1065,4868,1131
1066,8405,2296
1067,130,2161
1068,4995,9817
1069,7010,8404
1070,3305,8015
1071,2022,5705
1072,1924,9448
1073,4778,8765
1074,6790,2010
1075,4059,2093
1076,8866,6075
1077,9174,3474
1078,8932,8240
1079,2811,7671
1080,2990,753
1081,4863,6056
1082,6956,5861
1083,5937,105
1084,3961,175
1085,7732,7184
1086,666,8548
1087,7963,2256
1088,2793,6551
1089,4180,2211
1090,1292,2979
1091,1995,8179
1092,4675,7573
1093,6671,4069
1094,7057,3268
1095,7009,258
1096,6114,5278
1097,2936,8835
1098,8587,8848
1099,8530,9673
1100,7166,609
1101,4997,2631
1102,9452,3819
1103,9988,6572
1104,8149,8280
1105,9517,3824
1106,1932,885
1107,1039,3083
1108,5606,1301
1109,5352,2445
1110,865,3909
1111,2333,9629
1112,6112,7079
1113,3843,1761
1114,2692,3821
1115,5049,5638
1116,4887,5604
1117,8521,237
1118,8994,9931
1119,692,8370
1120,5967,4206
1121,1034,1562
1122,8920,1299
1123,3051,9017
1124,8654,3936
1125,1511,510
1126,2534,8007
1127,497,91
1128,7822,1584
1129,9699,7316
1130,2925,7953
1131,251,9667
1132,1512,5468
1133,8723,6118
1134,4816,5813
1135,9951,9606
1136,2393,1359
1137,6863,132
1138,902,9970
1139,9171,7698
1140,7872,1994
1141,1230,3612
1142,214,9871
1143,1156,2193
1144,2813,5677
1145,1773,9602
1146,7640,6000
1147,331,5973
1148,3524,7309
1149,5384,6934
1150,2826,2879
1151,3833,6251
1152,3448,1437
1153,1999,2067
1154,9145,9877
1155,1548,7194
1156,1503,5703
1157,8546,6923
1158,5635,4400
1159,2663,4403
1160,3444,3746
1161,7381,446
1162,6123,6956
1163,3422,3936
1164,2063,5691
1165,2396,8386
1166,6756,4813
1167,3494,1750
1168,8639,3917
1169,4239,5465
1170,9492,2064
1171,6985,2325
1172,1776,9947
1173,5895,6848
1174,7651,3343
1175,4816,7380
1176,5013,6066
1177,318,1468
1178,3481,2571
1179,5622,7079
1180,2702,3722
1181,6787,9388
1182,5954,7314
1183,7211,3979
1184,9010,6051
1185,2547,1996
1186,5661,1000
1187,7294,6662
1188,119,6554
1189,7169,781
1190,5272,527
1191,5378,8201
1192,4340,6883
1193,2750,9072
1194,6854,9665
1195,3705,911
1196,2501,2062
1197,5728,7530
1198,1833,3522
1199,635,3885
1200,4278,4419
1201,9807,750
1202,167,4656
1203,1568,786
1204,6918,824
1205,2243,952
1206,5688,37
1207,9649,3398
1208,3622,5640
1209,7799,670
1210,5701,3361
1211,4298,8876
1212,6983,2010
1213,8633,8447
1214,6555,4930
1215,2763,9393
1216,4527,3249
1217,2471,2357
1218,8486,1005
1219,4082,1324
1220,9412,8584
1221,5874,260
1222,8133,1731
1223,2881,5598
1224,6238,9796
1225,894,3962
1226,9756,479
1227,4206,6225
1228,8041,164
1229,3712,9183
1230,4845,2309
1231,9437,2875
1232,864,7937
1233,6478,2468
1234,1789,9106
1235,4376,4362
1236,7763,1008
1237,5362,5845
1238,37,6752
1239,5607,7222
1240,8785,3500
1241,7351,8393
1242,8350,3840
1243,40,7539
1244,2702,6206
1245,3146,4526
1246,5331,6847
1247,3255,4830
1248,8878,9927
1249,889,6575
1250,9138,9443
1251,3654,8685
1252,1975,5490
1253,1639,7360
1254,6315,7789
1255,9238,9538
1256,2227,7845
1257,8709,5886
1258,7407,375
1259,748,5814
1260,4587,1326
1261,7306,8273
1262,7841,4005
1263,8429,6415
1264,6588,5847
1265,9676,8667
1266,9320,2501
1267,1601,828
1268,2405,5235
1269,68,2023
1270,5403,9344
1271,6339,4309
1272,7511,4273
1273,4238,237
1274,7811,7449
1275,5806,5069
1276,9875,3542
1277,9477,4762
1278,4571,2042
1279,161,6546
1280,7775,5301
1281,1227,5674
1282,7555,6460
1283,3292,6169
1284,2177,8424
1285,1022,5456
1286,2216,8157
1287,3872,7972
1288,305,7685
1289,5908,2138
1290,493,1097
1291,899,1005
1292,7851,8939
1293,6800,7103
1294,4630,5155
1295,8985,8666
1296,746,1972
1297,4121,4130
1298,9015,9610
1299,3563,5481
1300,4830,1619
1301,6522,9982
1302,4072,2679
1303,8419,291
1304,7494,2821
1305,7596,2729
1306,7491,715
1307,7374,8826
1308,9478,8993
1309,2653,2963
1310,7988,4931
1311,552,6684
1312,3554,682
1313,4396,7893
1314,7336,1893
1315,9843,5775
1316,9409,6409
1317,8537,2485
1318,4478,4610
1319,1663,4597
1320,4554,6565
1321,9513,2094
1322,664,9316
1323,8371,8983
1324,3385,4748
1325,5264,4346
1326,8906,879
1327,6738,3276
1328,8043,7753
1329,3414,4569
1330,9002,2913
1331,9606,5648
1332,6317,2046
1333,3234,8793
1334,8126,3123
1335,3257,9807
1336,5632,1768
1337,513,8862
1338,2608,1047
1339,3190,6569
1340,6232,1552
1341,2351,1288
1342,781,1161
1343,5852,8173
1344,7767,982
1345,9243,8401
1346,4481,9073
1347,4538,5872
1348,8598,1318
1349,8759,3966
1350,2812,8317
1351,1252,1316
1352,8157,1588
1353,3862,6507
1354,4415,8057
1355,5628,3220
1356,3062,5233
1357,92,4945
1358,7759,2408
1359,4969,8132
1360,5693,5621
1361,4049,7266
1362,1713,5433
1363,5667,1651
1364,2354,2548
1365,862,7352
1366,2556,1140
1367,7204,1785
1368,9204,7100
1369,9949,75
1370,1161,5437
1371,8792,9707
1372,2295,595
1373,9084,7434
1374,4006,8782
1375,1501,8516
1376,95,9962
1377,1210,8974
1378,6222,5742
1379,7907,1196
1380,4338,6462
1381,5577,7068
1382,5762,9709
1383,605,4450
1384,42,4483
1385,4218,289
1386,3171,919
1387,7406,7651
1388,8688,8777
1389,7331,4581
1390,6212,1071
1391,5949,210
1392,1441,6937
1393,6828,2491
1394,5468,3539
1395,5584,3135
1396,9517,4711
1397,684,4781
1398,5650,2092
1399,2580,6451
1400,7026,5615
1401,9456,8209
1402,6895,76
1403,3075,3680
1404,5525,4921
1405,2101,3672
1406,1871,3151
1407,6587,8274
1408,872,9910
1409,2713,1291
1410,9823,1436
1411,1006,9298
1412,5924,2450
1413,1533,863
1414,4656,8324
1415,8908,6319
1416,8785,5394
1417,8597,6336
1418,3458,9791
1419,1498,6229
1420,3017,7525
1421,5989,7750
1422,4441,7651
1423,3453,5800
1424,8840,2597
1425,933,564
1426,6843,3358
1427,5903,9159
1428,6782,7861
1429,9278,5254
1430,288,6057
1431,8665,7019
1432,7050,1537
1433,4699,2016
1434,336,8181
1435,7239,3975
1436,6752,6355
1437,3736,7619
1438,2520,8991
1439,1687,9511
1440,884,7770
1441,918,3033
1442,7701,8477
1443,4857,1427
1444,7901,5842
1445,9844,6806
1446,1302,1791
1447,4895,5034
1448,1074,2176
1449,503,1079
1450,5293,1841
1451,446,8793
1452,5183,7317
1453,6898,404
1454,4014,8197
1455,2283,7988
1456,6145,88
1457,1630,6862
1458,6783,9995
1459,9007,3641
1460,7061,6766
1461,6115,4819
1462,3446,2219
1463,1843,4882
1464,5692,1203
1465,8812,6343
1466,1693,7783
1467,2884,9280
1468,8922,4256
1469,87,9451
1470,1617,3467
1471,1263,3266
1472,8546,5829
1473,898,4760
1474,9934,2926
1475,9861,2558
1476,2331,8589
1477,8271,1762
1478,5652,1969
1479,568,6148
1480,1085,606
1481,7040,2838
1482,6885,6348
1483,7804,1632
1484,8132,8536
1485,5195,3502
1486,4228,4261
1487,8950,4246
1488,716,5923
1489,9814,4345
1490,6678,8474
1491,3392,4438
1492,1282,243
1493,2763,5349
1494,5668,1459
1495,1122,2183
1496,9017,549
1497,6101,5063
1498,1959,5027
1499,5482,7437
1500,9026,4593
1501,1649,1791
1502,7786,8310
1503,5093,3476
1504,6930,9543
1505,6990,1479
1506,3916,8354
1507,6115,2340
1508,7519,4868
1509,252,6530
1510,4378,9399
1511,6758,2381
1512,9827,8204
1513,9008,6495
1514,8360,1633
1515,8003,1530
1516,1287,2463
1517,1006,3828
1518,5705,530
1519,3967,4800
1520,8793,3574
1521,8829,1333
1522,770,1130
1523,7682,6157
1524,1622,7028
1525,8662,348
1526,4155,9857
1527,6455,1531
1528,3071,6215
1529,3813,7488
1530,5741,5545
1531,649,7708
1532,3528,1686
1533,3110,7808
1534,5188,126
1535,3432,9917
1536,3588,994
1537,1416,8647
1538,6797,1319
1539,2881,9653
1540,3050,4231
1541,9661,4471
1542,3065,5860
1543,5961,5332
1544,6338,1673
1545,6248,8128
1546,4776,8303
1547,9842,9910
1548,8856,1241
1549,3757,1127
1550,9375,1485
1551,7876,8383
1552,8072,5024
1553,4899,321
1554,7698,6732
1555,3669,1055
1556,8351,8912
1557,5797,8968
1558,5001,1220
1559,3376,7693
1560,4064,6616
1561,2124,3121
1562,4191,6872
1563,6738,5853
1564,4828,2750
1565,9462,222
1566,5373,2452
1567,263,3948
1568,2232,6772
1569,4770,23
1570,2499,2366
1571,6145,4432
1572,2091,133
1573,6465,6321
1574,2960,6054
1575,6081,5146
1576,3452,9846
1577,1318,7049
1578,724,712
1579,6428,597
1580,2567,5111
1581,7382,6279
1582,4596,5318
1583,5494,9734
1584,1193,9586
1585,5769,3118
1586,2022,9696
1587,3913,4491
1588,6783,2088
1589,2646,3640
1590,2704,7005
1591,8559,7374
1592,1467,8520
1593,3274,4491
1594,4253,5297
1595,5635,9986
1596,9454,2410
1597,4913,6632
1598,4391,7079
1599,1108,6930
1600,7086,7725
1601,923,1032
1602,1389,2518
1603,9906,7702
1604,6497,7743
1605,4248,9695
1606,3230,5630
1607,2382,1342
1608,5280,9299
1609,6796,7675
1610,5980,8377
1611,3182,247
1612,7205,553
1613,107,2020
1614,9146,7004
1615,1878,1635
1616,7308,923
1617,3901,2299
1618,6654,4677
1619,3903,9539
1620,7701,2108
1621,683,2268
1622,1391,3372
1623,3571,1662
1624,960,8185
1625,1487,4542
1626,6119,1860
1627,7182,4760
1628,6351,7177
1629,5288,1295
1630,2817,4280
1631,4575,5902
1632,4503,2319
1633,1219,1146
1634,8171,560
1635,9204,9814
1636,6350,6052
1637,402,1266
1638,1301,3756
1639,1169,5250
1640,8446,63
1641,7001,2438
1642,5712,8325
1643,1369,1579
1644,5168,9342
1645,7835,2941
1646,3632,3104
1647,4739,9767
1648,8338,1340
1649,5057,57
1650,7146,6668
1651,1478,6964
1652,593,2459
1653,5554,6742
1654,3446,9280
1655,8604,1405
1656,175,6921
1657,3932,3177
1658,9709,208
1659,8146,5410
1660,5949,5436
1661,6057,4978
1662,5627,423
1663,102,4769
1664,6433,4551
1665,1210,828
1666,5278,4060
1667,1351,9473
1668,5937,213
1669,9120,6202
1670,8692,2959
1671,856,7123
1672,9638,1179
1673,8060,3722
1674,5121,6570
1675,3469,226
1676,3834,8519
1677,9398,8035
1678,9654,6658
1679,5884,5633
1680,3305,2389
1681,9667,9591
1682,410,7412
1683,813,8017
1684,6035,3238
1685,7293,6947
1686,4453,5370
1687,4410,3242
1688,9000,1352
1689,703,1884
1690,1247,1590
1691,8463,6462
1692,282,4691
1693,3862,8562
1694,4869,7315
1695,7690,8155
1696,2110,3736
1697,3840,9391
1698,7044,3065
1699,2667,5687
1700,9707,1010
1701,6112,9462
1702,2363,8119
1703,2069,7700
1704,3128,1878
1705,9704,4006
1706,7821,8632
1707,9339,1547
1708,4642,3972
1709,9884,8869
1710,6988,1105
1711,4515,9586
1712,7235,9221
1713,8773,6727
1714,2719,974
1715,22,6232
1716,2507,6012
1717,5083,2998
1718,7164,2938
1719,1501,2213
1720,2555,1751
1721,4778,2105
1722,1566,885
1723,8389,9485
1724,7525,8782
1725,1774,1071
1726,4191,9885
1727,1116,1707
1728,7805,2352
1729,838,2003
1730,2222,2952
1731,1537,7672
1732,6426,8890
1733,5187,2471
1734,6027,6246
1735,1351,787
1736,3797,7201
1737,4314,2330
1738,4198,961
1739,4354,2951
1740,3223,5876
1741,3246,4900
1742,6275,2413
1743,1431,8282
1744,6495,8429
1745,8982,9479
1746,6599,5626
1747,5072,8394
1748,5066,670
1749,8348,4589
1750,6507,175
1751,9318,8799
1752,5081,6822
1753,8411,8974
1754,3560,6254
1755,2916,3502
1756,286,9660
1757,880,4152
1758,4154,1813
1759,9482,6834
1760,6686,7648
1761,2186,183
1762,7277,1704
1763,1431,8627
1764,6015,798
1765,3978,7180
1766,9538,4586
1767,1326,3936
1768,3771,875
1769,8787,856
1770,6074,4211
1771,1985,5238
1772,3019,1400
1773,9210,6992
1774,4377,2120
1775,4153,5880
1776,333,572
1777,5638,7847
1778,7828,2999
1779,2043,870
1780,462,4940
1781,8881,5993
1782,9027,6490
1783,8195,3224
1784,3920,2917
1785,5860,3275
1786,559,4161
1787,1693,98
1788,8325,1021
1789,8190,7470
1790,5876,8682
1791,2262,1888
1792,8641,9559
1793,1230,5227
1794,2480,1883
1795,383,7464
1796,9179,8733
1797,5044,8215
1798,3922,8579
1799,1642,28
1800,9980,5590
1801,5411,9502
1802,1483,2846
1803,4586,391
1804,5342,3727
1805,7714,4680
1806,6191,3984
1807,7415,8861
1808,2637,787
1809,4197,8856
1810,629,1798
1811,983,6989
1812,5753,6582
1813,1864,8185
1814,530,5162
1815,4006,3504
1816,642,4291
1817,2420,7954
1818,66,8142
1819,9726,2009
1820,7722,8258
1821,983,5825
1822,9119,6381
1823,3487,3316
1824,1014,8598
1825,433,6881
1826,1623,7022
1827,2184,9816
1828,3357,3817
1829,7889,4165
1830,7177,8146
1831,8251,1655
1832,1670,6752
1833,6363,2444
1834,6568,3891
1835,1436,2043
1836,1294,5642
1837,1284,9629
1838,7238,5205
1839,2002,9864
1840,1647,8546
1841,8868,6282
1842,9194,9719
1843,9989,6959
1844,7946,4730
1845,6178,7422
1846,2890,6784
1847,2765,3334
1848,3197,7792
1849,3563,4593
1850,1249,5652
1851,7369,1810
1852,6365,9323
1853,7484,6368
1854,8570,541
1855,2389,7727
1856,9309,9245
1857,8307,7639
1858,1698,9892
1859,6738,3475
1860,8644,4911
1861,6481,617
1862,5593,4759
1863,6177,8177
1864,4379,6345
1865,6538,9171
1866,8529,8354
1867,5000,6849
1868,7180,3209
1869,6706,3774
1870,3645,8553
1871,7067,3387
1872,5300,7385
1873,3921,9404
1874,2819,1689
1875,7235,7067
1876,9025,5803
1877,1840,136
1878,9866,9148
1879,8986,9259
1880,1571,3998
1881,3098,1752
1882,5100,7715
1883,9197,4222
1884,2239,152
1885,1147,3084
1886,2932,2299
1887,3880,2160
1888,6103,4251
1889,6180,7838
1890,1729,2603
1891,4973,2985
1892,3810,3570
1893,9444,5153
1894,8673,4962
1895,2381,41
1896,1978,6754
1897,687,2803
1898,8534,9915
1899,5388,427
1900,2841,5643
1901,7467,2845
1902,4804,5401
1903,5249,627
1904,9242,8247
1905,1454,911
1906,9248,9965
1907,531,9666
1908,6478,4775
1909,7537,2390
1910,3842,8861
1911,8460,6734
1912,1763,1019
1913,4943,3272
1914,3619,5836
1915,7577,4732
1916,5198,7352
1917,6806,5700
1918,207,375
1919,6424,3384
1920,2754,4321
1921,9524,6245
1922,4276,9395
1923,5481,553
1924,4038,7184
1925,6698,4909
1926,8625,2914
1927,8589,4959
1928,7875,5499
1929,780,5676
1930,9063,6413
1931,5609,3254
1932,8883,7169
1933,2655,9031
1934,3291,2392
1935,5059,6067
1936,6579,6572
1937,1817,9235
1938,3521,4194
1939,1171,4067
1940,9201,9263
1941,3541,2953
1942,1714,3060
1943,4787,4528
1944,1502,2871
1945,1355,8433
1946,4630,1583
1947,8911,7373
1948,732,9100
1949,427,7882
1950,490,6896
1951,2582,3639
1952,960,5182
1953,2083,8861
1954,2443,334
1955,7606,7876
1956,6881,2105
1957,6884,1519
1958,9817,9383
1959,4099,405
1960,3478,4531
1961,6848,5837
1962,4181,6712
1963,8800,9381
1964,9548,9659
1965,3934,8095
1966,6642,6292
1967,531,2249
1968,5950,5578
1969,5908,1927
1970,4903,6041
1971,4373,4831
1972,8090,867
1973,2827,8225
1974,8858,4736
1975,3040,7201
1976,3218,3347
1977,6527,7490
1978,9142,2620
1979,3487,2465
1980,1800,5059
1981,7084,1611
1982,3078,1303
1983,5056,9052
1984,8048,6387
1985,6321,4037
1986,5911,7802
1987,8149,9817
1988,65,6863
1989,5824,6020
1990,7385,8819
1991,5966,2553
1992,1220,9499
1993,4284,806
1994,5998,3069
1995,6240,1446
1996,1763,8072
1997,3561,4803
1998,9097,5182
1999,5424,3717
