n = 3000
Tp = 1
ts = 4000
r = 7000
0,4527,7845
1,6454,6579
2,5762,7217
3,9734,7908
4,3942,2687
5,7488,281
6,3305,8226
7,8294,9474
8,6584,5872
9,8726,7771
10,9022,9150
11,7243,6006
12,7643,1574
13,928,8886
14,7872,935
15,5535,3818
16,4950,1641
17,8904,3381
18,8190,108
19,7453,8630
20,9811,8732
21,4346,9481
22,4251,771
23,7746,3593
24,8525,9211
25,8820,1040
26,9117,1246
27,5469,9372
28,1363,5596
29,4550,1136
30,4873,1992
31,8574,9636
32,3571,1872
33,3523,6778
34,3144,2839
35,6410,895
36,271,3824
37,5630,2633
38,2405,5721
39,5781,3491
40,2826,3954
41,3981,6818
42,2060,6952
43,838,7283
44,8268,4099
45,2873,2260
46,492,9480
47,454,6827
48,5929,6443
49,796,6919
50,6886,5702
51,8256,8769
52,910,1854
53,1105,5342
54,7323,8616
55,9602,5892
56,6756,3800
57,822,7222
58,2016,9105
59,3994,878
60,3162,3278
61,9260,4375
62,7517,3611
63,2362,3716
64,6942,1649
65,213,9327
66,2585,9228
67,3397,8850
68,8724,3259
69,3125,7068
70,6336,3732
71,5822,208
72,7757,673
73,7602,7120
74,1229,2811
75,4527,7554
76,9793,7073
77,4084,4524
78,687,2453
79,6303,8481
80,3973,5747
81,4516,1112
82,1239,751
83,3771,517
84,4725,2810
85,592,7382
86,312,832
87,9198,7324
88,5499,1922
89,2229,7492
90,5878,6587
91,8983,4577
92,9157,9921
93,163,2328
94,9655,7049
95,569,8248
96,8722,8007
97,4077,771
98,1700,1729
99,1686,190
100,4469,3791
101,5798,5809
102,7640,2418
103,5571,3435
104,2448,7662
105,4020,6949
106,1151,4789
107,6920,3025
108,8394,6929
109,4719,3759
110,8504,1725
111,4796,6587
112,2073,1504
113,7026,1287
114,1523,8232
115,1116,5873
116,9704,6863
117,6937,8704
118,6372,6941
119,5572,6736
120,4114,9961
121,3873,8520
122,8861,717
123,2084,6564
124,3604,9525
125,4252,3940
126,8679,323
127,332,4096
128,3166,563
129,1289,7878
130,3289,2870
131,5167,1922
132,6994,5309
133,4463,7961
134,4463,5348
135,8867,7281
136,2275,6632
137,7395,3520
138,6036,2902
139,7855,2320
140,7719,6770
141,4172,1612
142,9287,1153
143,7612,1034
144,7909,2771
145,9654,4453
146,9978,3664
147,484,6117
148,6647,9566
149,2155,269
150,1821,4540
151,8230,7106
152,4233,4287
153,891,1763
154,7943,5590
155,8895,360
156,8775,7547
157,421,5195
158,4589,4345
159,481,3165
160,6050,4821
161,4043,3783
162,9336,714
163,1471,6015
164,1195,6245
165,2978,2803
166,3283,9434
167,6047,8805
168,5990,1408
169,4910,6018
170,331,1584
171,2454,6080
172,7704,6533
173,1370,6996
174,2381,9680
175,3055,5886
176,649,1036
177,942,7314
178,7434,6152
179,2388,2883
180,5251,86
181,9654,4989
182,5157,9360
183,5106,4511
184,5104,8802
185,6065,9172
186,2323,2935
187,9417,269
188,6527,2931
189,8879,9964
190,4153,5066
191,1770,8847
192,5039,4780
193,7906,8695
194,7554,3662
195,5622,6933
196,8433,8646
197,8141,6576
198,8102,9427
199,6421,9669
200,170,9238
201,7336,6699
202,4067,9409
203,668,1249
204,654,6634
205,4233,2455
206,9800,3595
207,7141,9814
208,3126,7274
209,4875,6957
210,8148,3168
211,8651,8249
212,618,8025
213,5946,7328
214,875,7031
215,2266,8970
216,2679,1650
217,7605,8876
218,5985,9248
219,8467,6466
220,1594,797
221,1467,136
222,7740,1255
223,5301,2662
224,7315,921
225,1038,1510
226,9909,8738
227,949,4419
228,2147,3217
229,5922,2064
230,4999,5216
231,4374,7089
232,2813,8298
233,494,2090
234,6286,3385
235,7745,3443
236,8232,5360
237,5449,1444
238,409,2402
239,6542,7315
240,3162,4638
241,7438,1511
242,953,7064
243,2297,6695
244,1630,1268
245,8680,1925
246,303,4833
247,8285,2528
248,5839,3648
249,4310,8122
250,7521,7232
251,1595,2888
252,7690,4408
253,7479,991
254,1652,9408
255,6340,9233
256,7311,8284
257,9727,8691
258,9235,1861
259,906,26
260,4384,1750
261,5888,5442
262,5846,6256
263,5555,8139
264,3265,6234
265,4001,4160
266,7612,505
267,8309,2117
268,1126,5288
269,6458,172
270,5825,5604
271,6091,3668
272,7575,2743
273,9365,9135
274,9559,735
275,3070,8911
276,5630,2874
277,4766,1372
278,6305,6240
279,3067,7332
280,4598,460
281,1524,7263
282,1811,9224
283,4627,2382
284,862,8869
285,8517,1264
286,5027,7812
287,4566,2993
288,6164,9924
289,6725,4063
290,4987,7960
291,6279,6314
292,7834,9396
293,5607,6743
294,8340,4340
295,3851,8865
296,340,6793
297,913,6861
298,5499,3857
299,409,4760
300,2455,8850
301,460,4943
302,6415,3106
303,7194,1626
304,4379,7590
305,7234,4966
306,128,549
307,1034,8271
308,378,2505
309,1998,6662
310,529,1777
311,5813,5540
312,8158,6502
313,8127,1691
314,8839,584
315,4106,885
316,8230,3027
317,5188,476
318,2104,7876
319,651,2149
320,2081,5874
321,4016,3162
322,8028,9419
323,7066,2498
324,1344,4332
325,1495,7582
326,4239,9852
327,2109,2307
328,424,9237
329,9231,1008
330,1340,2352
331,9659,7531
332,1966,1981
333,6464,284
334,7267,7468
335,8925,9957
336,6856,9563
337,8036,8284
338,1507,6540
339,4733,4583
340,7042,9729
341,1703,3139
342,4400,7159
343,2953,161
344,3046,4349
345,4311,1294
346,2734,5759
347,2304,8045
348,5058,7699
349,8372,7987
350,947,15
351,3747,1806
352,6214,2069
353,2977,1203
354,920,6253
355,2453,3587
356,4723,3741
357,448,5337
358,4872,2711
359,4587,3906
360,4716,4095
361,5130,2649
362,8480,1368
363,525,3039
364,312,2458
365,4116,8116
366,3181,721
367,9202,196
368,2989,6933
369,2091,9521
370,7328,9858
371,8503,632
372,1142,1747
373,4073,67
374,6428,560
375,3352,2203
376,7582,2353
377,2156,2455
378,8758,9854
379,4901,1461
380,1666,3989
381,9509,1204
382,4836,3158
383,9886,4348
384,1203,3838
385,9910,1962
386,62,8959
387,8039,8796
388,7025,7064
389,5219,805
390,256,454
391,3140,8638
392,1856,7111
393,6290,4234
394,7493,7942
395,5933,1043
396,614,2664
397,6746,8646
398,1053,1970
399,4059,3368
400,4058,9333
401,3095,2772
402,6311,3847
403,5161,7746
404,7366,3103
405,3459,3813
406,4087,1629
407,6307,3329
408,5494,3044
409,4414,2854
410,4993,7460
411,8761,7246
412,439,8744
413,4631,5647
414,2811,1513
415,1293,5198
416,8872,3949
417,3441,1217
418,8623,6992
419,2224,8862
420,4939,7453
421,2462,1509
422,4662,57
423,7849,8246
424,3348,460
425,5190,7633
426,1437,3244
427,4973,7113
428,8088,568
429,8145,6771
430,3987,623
431,9703,3969
432,6848,3082
433,968,1109
434,6185,2508
435,3249,9572
436,6931,7941
437,7416,2890
438,2944,6941
439,7625,2131
440,1262,803
441,1374,1773
442,3982,8754
443,4141,8792
444,6447,8349
445,5531,390
446,1945,3191
447,3902,8677
448,7893,7921
449,1873,150
450,505,3441
451,7152,2633
452,6546,3195
453,1699,3879
454,2026,9727
455,3144,9259
456,713,1231
457,8729,1598
458,6599,5946
459,556,559
460,1663,6202
461,8249,9387
462,3615,407
463,7254,1214
464,3117,2838
465,9262,6326
466,6628,561
467,7089,2175
468,2332,8836
469,6517,9313
470,4007,4481
471,8506,371
472,4615,2097
473,1466,234
474,1645,3800
475,3343,3746
476,1692,6947
477,2911,8999
478,6060,8801
479,6611,6528
480,7771,2011
481,6053,7913
482,9693,2498
483,6792,9852
484,1524,995
485,2481,8380
486,6988,7017
487,5794,2989
488,973,815
489,6984,5667
490,515,6512
491,1770,7749
492,5434,6221
493,4450,9021
494,626,6186
495,1224,384
496,7282,1446
497,7946,4180
498,6905,1030
499,7608,1523
500,4768,3581
501,3339,9115
502,92,7273
503,8038,9311
504,5935,380
505,9956,1373
506,6158,5877
507,289,956
508,3901,2876
509,2085,4098
510,7126,7
511,5211,1952
512,9272,1291
513,1263,6859
514,4156,4194
515,646,4984
516,3091,5573
517,5176,819
518,364,8790
519,1912,5371
520,7393,8861
521,5604,2270
522,9953,1453
523,9719,9036
524,3865,450
525,8284,5674
526,4315,8858
527,6894,1302
528,4064,717
529,9930,7858
530,3337,8074
531,7862,4463
532,9777,3951
533,9643,5527
534,5935,2388
535,9309,3191
536,4344,1797
537,2315,8759
538,3281,4906
539,1810,8328
540,9889,9653
541,7004,6489
542,5797,2776
543,6166,1717
544,1182,6752
545,1903,5036
546,5253,7346
547,8251,5469
548,6382,4768
549,2664,1053
550,6474,9399
551,9465,6902
552,3142,8137
553,861,3279
554,7105,3090
555,7108,3892
556,603,6377
557,9384,9570
558,2233,8581
559,4262,3265
560,4342,2153
561,8384,7742
562,1459,8157
563,5691,9796
564,1886,795
565,2579,3079
566,1792,7347
567,79,6444
568,5873,8267
569,143,1288
570,7062,8951
571,9042,8884
572,2538,5185
573,9668,7882
574,6395,8581
575,2372,6606
576,7019,4267
577,5203,4188
578,6168,8817
579,2824,8314
580,5861,4612
581,9297,3417
582,438,1532
583,756,5246
584,4795,8418
585,3044,3943
586,3044,6574
587,2255,6956
588,2675,7521
589,1284,8468
590,1566,1499
591,9138,7233
592,4627,6842
593,2379,5753
594,2615,2001
595,7415,9314
596,6663,2736
597,6405,7193
598,9968,6
599,2604,878
600,6073,3247
601,5424,6976
602,8750,3115
603,6081,9505
604,7736,2686
605,445,1845
606,6567,3117
607,5109,1708
608,4561,3515
609,444,1370
610,1252,7344
611,1228,5584
612,4584,8019
613,4419,3608
614,8273,8916
615,5819,642
616,9584,7769
617,1448,4902
618,5736,5938
619,5098,5941
620,5710,7995
621,3554,1297
622,2361,9262
623,9728,4341
624,1097,4370
625,7787,1538
626,3349,2980
627,1371,9752
628,4492,4848
629,1456,6461
630,5645,9484
631,9653,125
632,1778,6513
633,3806,5086
634,2967,5575
635,6719,6110
636,8713,2652
637,3895,8363
638,2329,6625
639,7977,447
640,8031,4177
641,5435,7831
642,1820,1919
643,6743,9166
644,8024,2619
645,7743,1882
646,2361,2640
647,7661,6691
648,2613,5549
649,5001,8891
650,8031,7534
651,5731,319
652,9965,806
653,3072,7288
654,5322,6747
655,6850,7214
656,887,7231
657,2992,6746
658,8413,2790
659,4373,8358
660,8910,4713
661,3092,6772
662,5241,2469
663,8041,5000
664,8363,7280
665,8794,7282
666,5747,3707
667,9516,3276
668,6574,5613
669,6322,2956
670,6721,6193
671,7024,8582
672,8502,7629
673,9311,8802
674,9069,141
675,9913,9029
676,6915,1277
677,1859,6223
678,2432,8384
679,3835,5696
680,3098,6335
681,1910,9047
682,1143,1553
683,6700,8345
684,80,7891
685,7040,7786
686,6866,8821
687,9639,3948
688,4302,1569
689,7018,3985
690,7391,3432
691,727,4910
692,5851,5627
693,7089,4462
694,2707,1379
695,2823,8831
696,4149,4461
697,9554,2398
698,2529,7478
699,8,4890
700,6456,382
701,3422,5767
702,320,9788
703,7451,5474
704,612,9550
705,839,556
706,9000,5723
707,9490,4277
708,9258,808
709,1329,8310
710,6501,1859
711,6211,3162
712,5295,5695
713,6578,1082
714,7170,4460
715,9844,5812
716,6568,2946
717,9729,855
718,7791,5290
719,9343,2062
720,8876,7065
721,3418,6566
722,3180,7402
723,1327,862
724,7461,2599
725,8519,4154
726,2411,8836
727,4417,3828
728,3134,8776
729,5176,3056
730,6129,2808
731,3012,5593
732,2581,1474
733,4252,9805
734,2660,4851
735,4617,3555
736,9386,613
737,4933,9316
738,3518,5017
739,5106,2413
740,9582,5261
741,9720,8511
742,3672,4218
743,7078,2257
744,2917,524
745,1066,5299
746,8047,8815
747,4875,5711
748,6452,7874
749,4611,7614
750,2867,427
751,7803,789
752,4226,8551
753,1166,4698
754,3138,2444
755,31,5894
756,4106,2909
757,6263,6441
758,4561,4953
759,2854,2693
760,8520,368
761,7003,9560
762,4803,8547
763,302,3257
764,3543,4583
765,8811,8206
766,8223,8741
767,7977,472
768,7833,8210
769,6296,9196
770,8925,8102
771,7338,6686
772,8174,8219
773,5928,6380
774,2313,8372
775,8037,6356
776,7290,4759
777,1135,4115
778,2590,2937
779,4401,6107
780,3875,2852
781,3750,8672
782,2268,9751
783,3065,7664
784,9825,5018
785,5784,701
786,3043,9917
787,3638,3480
788,4476,9340
789,8303,4715
790,725,6337
791,9430,2226
792,2673,9094
793,9179,1047
794,1095,3541
795,2040,7658
796,125,6638
797,4778,7001
798,495,8212
799,6749,6737
800,8287,9908
801,2352,6577
802,4391,9027
803,1256,824
804,3114,1555
805,2225,8411
806,9272,6226
807,5214,4516
808,896,592
809,4945,4137
810,7280,3370
811,2567,8920
812,7975,4600
813,4587,3229
814,2988,1375
815,7802,2640
816,4376,9411
817,5702,6078
818,62,429
819,6436,8306
820,3066,5269
821,5233,4799
822,1207,8845
823,9137,9596
824,7067,9369
825,5640,8493
826,1725,5438
827,8033,2075
828,4983,3238
829,2331,4207
830,8022,8029
831,1892,1584
832,2782,5116
833,3310,9878
834,4027,480
835,1022,9146
836,3090,4149
837,2275,8476
838,3525,1412
839,8099,3136
840,54,1542
841,1857,1863
842,5123,6500
843,11,8677
844,3551,973
845,9264,4500
846,210,6371
847,4991,8389
848,822,1218
849,4266,6798
850,4882,1326
851,8361,3668
852,6692,3368
853,1963,5366
854,3207,1116
855,2248,2227
856,2181,9578
857,594,5802
858,4613,6751
859,985,1084
860,3365,2288
861,3645,8064
862,7587,3219
863,2782,3251
864,1621,5898
865,7728,8457
866,825,9500
867,3499,4885
868,7606,6929
869,2894,8352
870,8033,105
871,227,425
872,4876,1850
873,2014,3930
874,1912,949
875,7983,9475
876,2524,2004
877,8647,2534
878,2430,6530
879,8151,9758
880,3085,7270
881,7107,3948
882,9217,4142
883,1366,4367
884,5563,8868
885,6703,7503
886,6374,5503
887,5049,9543
888,207,7801
889,7337,5581
890,6944,1016
891,5120,8447
892,5431,8668
893,2240,651
894,9254,1268
895,76,1258
896,6516,8573
897,1704,4203
898,3265,3975
899,6431,2120
900,7158,4358
901,243,6327
902,9803,8290
903,3486,4479
904,1890,8539
905,6968,4645
906,2320,3726
907,7826,9202
908,7372,9020
909,9950,5106
910,64,2909
911,610,7788
912,61,4272
913,2193,8137
914,6107,9325
915,6697,4035
916,1613,1034
917,3548,3435
918,3731,7078
919,5014,8327
920,3129,341
921,7853,9350
922,2253,4329
923,1127,4961
924,1502,4281
925,661,4305
926,9615,7137
927,3260,1223
928,6395,5413
929,9908,8619
930,7427,6531
931,2938,6868
932,9731,4004
933,8816,2256
934,7218,8991
935,7924,514
936,8520,4523
937,8382,4406
938,4330,1742
939,5155,1969
940,2528,214
941,9751,7769
942,2392,4467
943,4863,3694
944,2420,6832
945,917,1029
946,3838,108
947,4852,5391
948,5051,9
949,3282,2378
950,5405,2736
951,1470,1700
952,9955,2927
953,8863,9607
954,7483,7793
955,1196,1829
956,1736,3608
957,5290,4353
958,9599,937
959,2640,4359
960,6010,9956
961,2950,6234
962,6367,9198
963,3404,6249
964,9147,7149
965,1351,8940
966,8280,5007
967,2342,5233
968,3070,9783
969,5891,8109
970,2694,9782
971,228,9569
972,4233,5234
973,3441,5627
974,4343,8437
975,7313,8358
976,1139,8293
977,2669,5215
978,7131,811
979,8326,1156
980,870,114
981,5090,6491
982,438,4734
983,4481,3597
984,4861,2823
985,6893,7390
986,9196,4529
987,9440,7497
988,6727,9224
989,2209,6412
990,4004,5581
991,2358,6957
992,866,5928
993,2941,808
994,6758,9128
995,4501,7750
996,4336,5583
997,455,8059
998,5164,5139
999,6866,3180
1000,6437,7122
1001,1268,9995
1002,2356,2901
1003,2052,2081
1004,1046,8927
1005,7356,9799
1006,2555,5379
1007,1205,9889
1008,8826,7760
1009,7754,7576
1010,4643,9834
1011,1630,6130
1012,3565,8517
1013,7290,5039
1014,2333,6208
1015,991,9571
1016,9768,5500
1017,9801,635
1018,687,2184
1019,1460,4734
1020,890,9179
1021,184,8242
1022,7488,4524
1023,3264,1575
1024,5761,5329
1025,6329,2324
1026,1846,5091
1027,4662,2108
1028,5857,1338
1029,8576,6076
1030,7934,6986
1031,6314,229
1032,6619,7050
1033,4466,224
1034,1028,9868
1035,8820,9395
1036,9046,1406
1037,7352,1022
1038,9398,5836
1039,1436,8594
1040,7370,2752
1041,1085,3679
1042,1156,7080
1043,9390,9928
1044,5472,1297
1045,8171,2982
1046,7283,4645
1047,6344,9445
1048,9842,5871
1049,18,863
1050,1781,6231
1051,231,243
1052,4880,3390
1053,3761,6978
1054,5105,2183
1055,6813,2934
1056,9785,0
1057,7642,8671
1058,1809,7709
1059,6813,7915
1060,6046,8959
1061,6866,9296
1062,8222,5941
1063,1756,3513
1064,2258,767
1065,9613,9660
1066,8086,3739
1067,194,5396
1068,7003,2671
1069,4518,640
1070,854,1809
1071,8375,4599
1072,7442,8998
1073,7733,6614
1074,1376,3237
1075,6422,3591
1076,9663,9351
1077,6790,6015
1078,9654,2878
1079,492,6293
1080,4253,9487
1081,6008,650
1082,6828,1597
1083,9257,3433
1084,8923,2852
1085,7259,4701
1086,3641,670
1087,5293,1881
1088,9385,9765
1089,4144,1752
1090,4886,1430
1091,6492,4562
1092,4663,7870
1093,621,1591
1094,7469,7924
1095,8538,4987
1096,8969,3235
1097,166,3806
1098,8970,770
1099,3215,1319
1100,2452,4497
1101,4628,1436
1102,605,7938
1103,6244,2753
1104,674,3970
1105,7633,5914
1106,7590,7267
1107,4948,6031
1108,3754,1687
1109,2794,6523
1110,9335,5323
1111,1339,9968
1112,5256,8301
1113,171,1196
1114,917,5084
1115,4874,7040
1116,699,8795
1117,7798,7490
1118,4919,6625
1119,2016,1217
1120,9649,9472
1121,7756,6400
1122,1317,2943
1123,994,5970
1124,7212,6598
1125,7265,3984
1126,5129,6550
1127,483,3993
1128,1056,2563
1129,4844,1175
1130,8609,5520
1131,8172,1754
1132,7746,6885
1133,1220,1395
1134,6906,3854
1135,7957,8431
1136,4634,9443
1137,8371,2814
1138,6230,208
1139,7321,2335
1140,7329,2336
1141,7287,3146
1142,8103,6203
1143,4534,9801
1144,1715,7337
1145,3883,676
1146,9697,6929
1147,4874,3127
1148,6030,9123
1149,178,6338
1150,9899,719
1151,662,1486
1152,9329,4368
1153,1532,5607
1154,2654,8616
1155,254,2522
1156,8765,488
1157,5375,3260
1158,9684,8636
1159,679,8180
1160,9671,322
1161,1903,9046
1162,345,7941
1163,7272,3469
1164,4307,2714
1165,2277,7300
1166,381,2726
1167,4377,4258
1168,9530,8618
1169,3467,4512
1170,1824,7196
1171,6950,7575
1172,6628,3587
1173,9885,3019
1174,3380,1263
1175,6875,8062
1176,6366,8626
1177,8985,8226
1178,9167,3295
1179,7097,9183
1180,9413,9406
1181,9967,861
1182,5573,3480
1183,6352,5919
1184,8409,2613
1185,6114,7612
1186,3057,6496
1187,2291,9451
1188,3162,5044
1189,4485,1610
1190,4077,9542
1191,7510,603
1192,7294,5454
1193,4190,3660
1194,8484,3955
1195,1394,8657
1196,1448,4129
1197,5126,1136
1198,8135,8954
1199,5440,9625
1200,5010,502
1201,6167,432
1202,7269,392
1203,9193,5993
1204,2036,4720
1205,8700,8702
1206,5488,3222
1207,2396,832
1208,1161,9705
1209,6531,472
1210,4622,5060
1211,4471,5944
1212,1937,7481
1213,2910,8387
1214,4534,2158
1215,5052,8053
1216,7657,1537
1217,4381,5664
1218,2190,6520
1219,9550,2357
1220,9604,2761
1221,533,9771
1222,1251,3203
1223,9969,6927
1224,8533,3704
1225,4300,505
1226,9041,711
1227,4236,6518
1228,6098,9018
1229,361,3751
1230,3366,6777
1231,3130,6405
1232,5986,2505
1233,1320,4672
1234,4067,1876
1235,8580,6627
1236,943,7062
1237,2868,7653
1238,5930,9905
1239,5832,5182
1240,9061,9374
1241,2811,2739
1242,2272,2129
1243,5429,7073
1244,3760,9927
1245,1597,3955
1246,6396,1071
1247,8236,1199
1248,1665,2914
1249,7965,579
1250,102,7984
1251,6176,2823
1252,8266,3704
1253,9246,3903
1254,6952,6596
1255,5510,3536
1256,1020,7007
1257,7798,924
1258,6816,5348
1259,8181,7388
1260,7904,164
1261,9501,8489
1262,8604,3443
1263,4423,3942
1264,6667,3936
1265,3695,2190
1266,3611,9344
1267,710,1621
1268,1527,4549
1269,8821,7326
1270,7410,1520
1271,7823,9033
1272,4848,720
1273,2624,4710
1274,3652,4053
1275,9826,699
1276,7380,2134
1277,4942,9469
1278,6489,8411
1279,6815,3294
1280,1170,1048
1281,1842,8676
1282,3831,6983
1283,777,7650
1284,1291,8753
1285,7055,4197
1286,1547,2408
1287,9895,8317
1288,5332,6500
1289,7501,3286
1290,3377,4776
1291,8382,3442
1292,8081,2608
1293,4387,7620
1294,6199,7754
1295,4199,1180
1296,1851,9486
1297,2618,4970
1298,62,8939
1299,6703,8145
1300,2027,6959
1301,3824,3769
1302,5704,6018
1303,81,2049
1304,7804,8704
1305,7122,7103
1306,827,7105
1307,1181,9029
1308,2876,8359
1309,320,8226
1310,5451,3955
1311,9509,3730
1312,3323,1637
1313,9020,6164
1314,467,9358
1315,6330,5350
1316,3065,7411
1317,9962,4526
1318,4653,5456
1319,1458,599
1320,8524,4679
1321,3937,9526
1322,8788,8148
1323,5045,3705
1324,7287,8270
1325,8425,3211
1326,7033,9644
1327,8251,2534
1328,5492,9953
1329,3883,4501
1330,3451,7365
1331,5983,3109
1332,7291,4994
1333,4883,7608
1334,9741,4552
1335,4302,21
1336,5288,8653
1337,5265,8207
1338,6275,7541
1339,4424,2656
1340,6648,4569
1341,5683,8594
1342,6100,3095
1343,3070,8138
1344,4891,2614
1345,5195,8898
1346,985,3604
1347,9362,3554
1348,9379,2879
1349,4383,4634
1350,9724,5292
1351,889,7406
1352,7763,6583
1353,8739,7325
1354,8586,5639
1355,8395,6576
1356,5345,1485
1357,6048,2668
1358,8241,6905
1359,4369,8196
1360,4757,8489
1361,4449,4351
1362,9922,6544
1363,7142,7857
1364,1639,6286
1365,5056,4456
1366,3407,9601
1367,3751,9350
1368,6291,4728
1369,7133,5093
1370,4509,1440
1371,4546,1996
1372,248,6669
1373,8119,4957
1374,7555,2727
1375,7066,9751
1376,3540,1198
1377,6080,351
1378,6073,7403
1379,1680,6391
1380,7641,740
1381,668,1608
1382,2266,5259
1383,4619,4273
1384,9339,6485
1385,578,7531
1386,3681,7330
1387,2785,3960
1388,0,8158
1389,3897,1432
1390,4687,8355
1391,1643,3592
1392,9470,7752
1393,8876,8119
1394,2883,9306
1395,4308,1878
1396,2639,1365
1397,5126,28
1398,8400,2254
1399,4810,5139
1400,495,241
1401,3558,3858
1402,1898,1683
1403,9691,1528
1404,9180,579
1405,7788,1330
1406,1224,754
1407,7689,2489
1408,2725,5611
1409,9417,8731
1410,851,6944
1411,3142,1956
1412,3404,4099
1413,9298,2137
1414,3541,7998
1415,6424,6976
1416,1283,4544
1417,8494,3567
1418,1995,3813
1419,4422,1024
1420,9410,6768
1421,5747,2110
1422,9459,4263
1423,2552,5280
1424,1647,5132
1425,7612,1950
1426,7902,467
1427,778,3908
1428,1331,5124
1429,2549,1426
1430,7854,271
1431,7689,6557
1432,2700,5239
1433,7612,6182
1434,105,2189
1435,3524,4949
1436,5317,522
1437,4658,7778
1438,3107,6504
1439,5307,9423
1440,334,5838
1441,3192,8533
1442,1575,5286
1443,3443,570
1444,3210,4092
1445,818,268
1446,1551,9845
1447,6288,4173
1448,6092,5321
1449,7894,5274
1450,3703,2303
1451,5417,3098
1452,24,5700
1453,2813,7232
1454,685,6760
1455,9496,4812
1456,8520,6325
1457,9841,7956
1458,8387,3404
1459,7207,8410
1460,4180,7326
1461,5901,6779
1462,2779,8132
1463,2499,2164
1464,4648,7707
1465,6064,4224
1466,2329,9551
1467,139,6642
1468,3873,9987
1469,6969,444
1470,661,5707
1471,7393,522
1472,1760,4342
1473,3932,5838
1474,5014,1611
1475,8472,6777
1476,1189,366
1477,1147,7842
1478,3735,4511
1479,5588,3654
1480,1524,5312
1481,2061,8252
1482,8341,7313
1483,9692,5363
1484,4419,2426
1485,9561,9259
1486,2094,5732
1487,4123,1053
1488,8489,5092
1489,6299,6792
1490,6771,2949
1491,5178,6617
1492,9584,4945
1493,2942,9302
1494,5750,4220
1495,23,5335
1496,3988,6621
1497,5392,769
1498,332,1801
1499,6370,2305
1500,3186,1837
1501,3442,609
1502,7868,5432
1503,5066,1994
1504,4825,6884
1505,3220,1686
1506,494,5999
1507,2163,3072
1508,75,2602
1509,508,5963
1510,1661,4845
1511,1426,4107
1512,7852,3284
1513,8080,5060
1514,116,6699
1515,4382,9822
1516,3826,3601
1517,3127,1522
1518,5300,6460
1519,1217,6803
1520,6915,5945
1521,1243,1019
1522,3900,3790
1523,9109,4833
1524,2601,30
1525,2297,5108
1526,927,4455
1527,7735,7767
1528,625,4028
1529,5070,7705
1530,2497,3626
1531,4055,1295
1532,4326,154
1533,7211,4785
1534,2986,4546
1535,3381,2206
1536,218,7767
1537,2290,9196
1538,8401,516
1539,5493,80
1540,1390,6464
1541,7047,2662
1542,5553,9150
1543,4588,5902
1544,6837,582
1545,8416,8147
1546,4951,1452
1547,9328,3161
1548,6852,1482
1549,5,50
1550,8545,1935
1551,4314,7406
1552,6468,2083
1553,2495,8557
1554,8400,5190
1555,695,8241
1556,6926,8340
1557,6988,5445
1558,7814,8599
1559,8739,4836
1560,1149,873
1561,2697,8119
1562,7272,7907
1563,5932,31
1564,1759,5815
1565,7974,5595
1566,9085,3175
1567,2404,6502
1568,4596,6129
1569,4006,6065
1570,4989,4855
1571,8399,8457
1572,9229,463
1573,2043,7956
1574,8915,1124
1575,4752,77
1576,8094,5990
1577,2317,8281
1578,3963,7221
1579,5712,8245
1580,1947,1253
1581,4,3630
1582,2563,1374
1583,8711,7437
1584,2174,1667
1585,7945,701
1586,589,269
1587,1696,6442
1588,5087,2676
1589,4297,4440
1590,1211,2057
1591,1497,5517
1592,3370,9955
1593,9105,2828
1594,226,52
1595,2432,2511
1596,8556,7463
1597,9634,5456
1598,3623,8632
1599,1078,7652
1600,3654,2063
1601,9278,2564
1602,4468,9259
1603,591,890
1604,2264,216
1605,1705,9812
1606,9475,7180
1607,9328,2840
1608,6246,5971
1609,3672,8485
1610,577,4981
1611,1967,9217
1612,7126,1153
1613,2997,5572
1614,5740,7065
1615,5255,2896
1616,1696,5817
1617,5656,4572
1618,6373,9845
1619,4800,28
1620,6716,638
1621,4767,9646
1622,9503,368
1623,5066,9571
1624,9863,9931
1625,6134,2535
1626,1197,6764
1627,339,7295
1628,5101,4312
1629,3327,2927
1630,2567,9412
1631,2956,9782
1632,2592,7444
1633,7227,4918
1634,5637,1982
1635,7063,419
1636,9359,1594
1637,6095,7256
1638,5634,9033
1639,1435,5440
1640,879,3246
1641,1536,2408
1642,7594,7085
1643,7886,3054
1644,6022,5279
1645,7398,2885
1646,1803,2943
1647,2473,665
1648,3962,2116
1649,8540,249
1650,2983,3531
1651,3640,9702
1652,1509,1537
1653,2941,6070
1654,9264,9178
1655,4295,8341
1656,2436,4689
1657,9097,6185
1658,4123,3964
1659,4117,8097
1660,6131,9882
1661,8653,5513
1662,7325,236
1663,1764,1468
1664,7362,3054
1665,9774,2423
1666,4032,7681
1667,5318,4134
1668,2450,3158
1669,6270,45
1670,990,2840
1671,4209,2245
1672,7400,8855
1673,757,6433
1674,3412,7997
1675,4108,140
1676,2137,6350
1677,9561,8113
1678,1265,8673
1679,3951,2517
1680,4108,9029
1681,8053,5045
1682,5636,8114
1683,2774,1976
1684,3915,4222
1685,1845,4897
1686,6192,5144
1687,6878,3764
1688,5745,3636
1689,9080,7650
1690,2234,211
1691,6390,1635
1692,444,2047
1693,1357,542
1694,5161,3280
1695,9903,4328
1696,8716,7454
1697,9974,9943
1698,1205,8467
1699,812,9793
1700,3986,3020
1701,567,902
1702,9913,5500
1703,8722,1622
1704,6929,7021
1705,7030,3521
1706,2689,1220
1707,761,8458
1708,4016,7631
1709,3261,7495
1710,3772,5454
1711,9576,8167
1712,1094,2044
1713,3395,6112
1714,1450,5880
1715,8588,7412
1716,2380,3924
1717,8247,2991
1718,4238,4905
1719,7681,5584
1720,2638,7493
1721,6292,2257
1722,5244,9154
1723,7447,6405
1724,4234,4932
1725,3549,3438
1726,5244,8687
1727,7726,3336
1728,6222,5123
1729,3026,5909
1730,3285,8709
1731,7897,9461
1732,4333,7563
1733,6264,4177
1734,2130,1843
1735,7407,6660
1736,7227,929
1737,1110,792
1738,2624,9971
1739,5252,6937
1740,4972,8466
1741,914,5575
1742,2189,167
1743,2036,8397
1744,5416,5448
1745,9863,5593
1746,2394,6702
1747,4745,3544
1748,2218,6500
1749,6257,7087
1750,6602,3342
1751,9375,9352
1752,2299,3107
1753,8782,5303
1754,7312,8297
1755,3894,3304
1756,5323,1740
1757,510,8536
1758,884,1274
1759,1023,9948
1760,489,2558
1761,900,9345
1762,8430,1559
1763,9790,657
1764,2933,7428
1765,9459,8143
1766,6345,2878
1767,1094,5167
1768,9812,2114
1769,3922,7893
1770,8145,8761
1771,8960,2408
1772,1836,726
1773,9352,8835
1774,7717,9356
1775,4355,872
1776,5843,2058
1777,7983,7761
1778,9269,4547
1779,4908,4948
1780,8563,8862
1781,8068,1474
1782,5748,7079
1783,9528,61
1784,2009,1072
1785,2069,4052
1786,9574,9752
1787,7285,684
1788,6561,8469
1789,3681,7420
1790,3763,5569
1791,2132,1541
1792,5355,8239
1793,6107,6988
1794,8978,6392
1795,3097,998
1796,1993,4406
1797,439,2783
1798,9486,9277
1799,6969,3158
1800,1774,3473
1801,8011,1817
1802,9076,4008
1803,4138,184
1804,7455,7932
1805,7455,4825
1806,2146,3308
1807,6454,6855
1808,709,465
1809,5453,4231
1810,7417,9497
1811,2727,7050
1812,121,9633
1813,6545,2120
1814,2572,6323
1815,9420,207
1816,5223,2361
1817,1577,3479
1818,5470,8941
1819,2707,5041
1820,7291,3968
1821,7397,5212
1822,7991,7987
1823,7484,4467
1824,8294,4197
1825,5447,4838
1826,7200,1753
1827,556,1043
1828,9465,9251
1829,4436,2018
1830,4849,1439
1831,134,7498
1832,2951,4125
1833,5425,6275
1834,8089,6493
1835,4323,5545
1836,3975,9060
1837,6455,3977
1838,7510,4696
1839,859,1547
1840,128,3886
1841,6335,8333
1842,9704,669
1843,6378,9896
1844,2059,7758
1845,614,5360
1846,8242,9379
1847,8363,1469
1848,3396,481
1849,5850,8337
1850,4153,4475
1851,4767,7894
1852,1273,1836
1853,8298,7893
1854,5218,5457
1855,3239,7205
1856,4424,9569
1857,6425,3455
1858,2791,1913
1859,7381,5354
1860,9157,392
1861,4234,3319
1862,3987,3044
1863,2447,395
1864,4977,5192
1865,37,9156
1866,5105,2987
1867,1180,3434
1868,803,3949
1869,2097,4212
1870,1104,4352
1871,3796,7220
1872,2755,6401
1873,8471,4848
1874,1345,9122
1875,7667,6494
1876,3465,6741
1877,8741,9259
1878,5191,2534
1879,8934,3784
1880,7650,6278
1881,8104,2481
1882,6693,8672
1883,6123,9115
1884,8219,6890
1885,5648,3258
1886,1459,7658
1887,69,1596
1888,2387,5874
1889,1055,9574
1890,9513,4346
1891,8534,4456
1892,7293,3576
1893,986,9999
1894,3154,6462
1895,5091,5624
1896,4875,9184
1897,9958,7372
1898,714,4048
1899,9427,2716
1900,6068,3528
1901,8651,922
1902,5072,7267
1903,1775,1729
1904,2526,6457
1905,9908,7155
1906,2948,9893
1907,3811,2877
1908,1123,6021
1909,605,5880
1910,7129,6526
1911,2171,2495
1912,6064,9209
1913,4915,1816
1914,9556,7373
1915,8935,5762
1916,5297,650
1917,807,1817
1918,3082,2879
1919,4262,5928
1920,2886,505
1921,5051,4043
1922,1925,6217
1923,6894,432
1924,8097,513
1925,4050,762
1926,5136,11
1927,994,6610
1928,9445,6661
1929,8980,7082
1930,9702,9356
1931,2810,8511
1932,4520,9748
1933,71,8811
1934,7846,2898
1935,2750,9827
1936,9953,1287
1937,3542,1492
1938,2577,5785
1939,1067,2853
1940,6090,7039
1941,8878,9
1942,8218,2712
1943,1932,5475
1944,814,3977
1945,6763,4630
1946,4388,7826
1947,8865,744
1948,492,571
1949,4783,8627
1950,9111,6672
1951,1627,6232
1952,2737,7478
1953,6971,5264
1954,6428,9225
1955,8701,6112
1956,8530,9523
1957,7284,7464
1958,7515,1547
1959,3692,7304
1960,7167,3800
1961,8110,8479
1962,8051,49
1963,8144,1922
1964,944,9394
1965,4068,5590
1966,5554,1101
1967,880,8906
1968,8924,9402
1969,1854,4979
1970,9672,8524
1971,6569,837
1972,7404,6434
1973,3544,8651
1974,8553,4071
1975,7319,5876
1976,6348,1735
1977,5025,8122
1978,615,2078
1979,3770,7136
1980,9578,6414
1981,2233,4263
1982,9035,3996
1983,9474,253
1984,1589,40
1985,4769,835
1986,4412,6968
1987,4499,3433
1988,6638,480
1989,3406,136
1990,9973,1199
1991,8050,7499
1992,2522,5465
1993,3303,2427
1994,5587,1277
1995,8517,6086
1996,3405,8674
1997,7794,1051
1998,7045,4387
1999,3973,5781
2000,1583,8723
2001,6890,9954
2002,5290,7071
2003,143,6542
2004,1435,5695
2005,9147,641
2006,4213,2377
2007,8862,6481
2008,9291,434
2009,3396,8677
2010,9756,3985
2011,467,552
2012,4013,4947
2013,9075,7526
2014,5988,644
2015,1405,566
2016,5088,5952
2017,5820,8228
2018,2422,662
2019,7216,810
2020,2583,4566
2021,5762,1978
2022,9789,4887
2023,2706,3643
2024,2420,3655
2025,9756,3421
2026,2101,4608
2027,5513,2186
2028,2126,3315
2029,2801,8940
2030,8061,1908
2031,4670,6149
2032,6011,8194
2033,475,1919
2034,3381,6961
2035,6076,9632
2036,2006,774
2037,1879,6201
2038,1873,4542
2039,7360,2395
2040,6553,9612
2041,8467,6695
2042,6195,6189
2043,4298,2449
2044,3379,841
2045,6431,944
2046,2740,4504
2047,299,372
2048,3428,4622
2049,4348,7316
2050,1595,5637
2051,469,9668
2052,3404,8341
2053,4511,800
2054,4611,8883
2055,8973,7863
2056,4239,5107
2057,8766,7110
2058,6281,7819
2059,7884,8271
2060,9154,7686
2061,785,7847
2062,1740,834
2063,649,6713
2064,8462,1255
2065,5202,3002
2066,971,4083
2067,4048,7178
2068,1436,9911
2069,3117,131
2070,7018,6216
2071,3645,5458
2072,5304,9858
2073,2976,9503
2074,3324,7184
2075,2321,6218
2076,7806,496
2077,3708,6244
2078,8585,9623
2079,2092,1143
2080,799,4209
2081,1521,6515
2082,1530,5218
2083,3872,934
2084,9516,6142
2085,9269,1240
2086,728,7986
2087,4164,3312
2088,2185,8861
2089,5613,2374
2090,1904,9118
2091,2894,8853
2092,7179,1307
2093,2130,1260
2094,5425,4043
2095,5751,8354
2096,7338,5761
2097,5390,5380
2098,315,8549
2099,3675,9197
2100,8031,7777
2101,220,3200
2102,6737,2645
2103,5606,5109
2104,5607,3079
2105,90,1662
2106,7080,9178
2107,5511,4068
2108,8589,3818
2109,8009,7091
2110,4325,8482
2111,7888,239
2112,1299,6938
2113,3755,785
2114,6962,9056
2115,9523,4210
2116,5769,8801
2117,8068,5330
2118,362,1780
2119,4198,1365
2120,7156,8388
2121,5530,9724
2122,7640,5112
2123,4928,3788
2124,5608,2497
2125,7125,284
2126,5819,7791
2127,8361,5488
2128,894,7392
2129,5438,5613
2130,9141,294
2131,9021,4280
2132,2591,1476
2133,947,8096
2134,6118,1397
2135,7065,8277
2136,7621,8249
2137,2945,643
2138,5669,3340
2139,8364,4943
2140,672,6213
2141,5400,6380
2142,2871,6936
2143,6855,1323
2144,2911,9912
2145,3691,3245
2146,3461,8829
2147,77,8917
2148,8947,2334
2149,9933,9247
2150,3530,8283
2151,1459,7848
2152,8575,4633
2153,2468,6152
2154,2371,1450
2155,3248,6051
2156,6618,5769
2157,2680,2807
2158,3036,2176
2159,2590,1058
2160,1274,7750
2161,3556,9892
2162,6393,4775
2163,2262,7901
2164,2186,6513
2165,8788,8051
2166,9210,1401
2167,280,9233
2168,660,9033
2169,8054,3423
2170,1285,5830
2171,7520,1466
2172,5912,433
2173,2137,801
2174,1455,6426
2175,5569,5563
2176,643,8476
2177,3967,3112
2178,3219,154
2179,1518,7058
2180,1464,4836
2181,1198,8399
2182,4457,261
2183,2747,294
2184,2426,2667
2185,8779,7116
2186,2223,9780
2187,1488,9610
2188,3055,9186
2189,5373,3453
2190,5684,6027
2191,7541,2313
2192,4862,6880
2193,6400,202
2194,6183,7688
2195,23,7977
2196,5793,1912
2197,5550,968
2198,8188,9249
2199,4753,7786
2200,4916,9478
2201,311,9522
2202,6246,2168
2203,3059,4150
2204,1027,3920
2205,3162,4543
2206,413,8984
2207,31,224
2208,5983,8038
2209,969,81
2210,4330,2006
2211,8598,5239
2212,7993,1587
2213,4377,593
2214,3494,6114
2215,2734,7762
2216,8565,9260
2217,2974,7798
2218,1358,2101
2219,879,2802
2220,7256,4397
2221,3635,925
2222,2273,2851
2223,2080,4789
2224,8138,5905
2225,4624,1391
2226,8879,9656
2227,4270,2303
2228,4485,7065
2229,3105,816
2230,7899,8300
2231,9798,2720
2232,8691,4401
2233,2693,3883
2234,5594,7793
2235,4486,163
2236,931,1648
2237,3404,153
2238,8162,4913
2239,3183,2634
2240,9155,9253
2241,8536,4089
2242,5707,9506
2243,4837,1141
2244,1927,124
2245,3596,1062
2246,6177,723
2247,5500,6266
2248,5984,5945
2249,2176,9622
2250,8127,3198
2251,7917,6139
2252,6182,9466
2253,4378,727
2254,836,8486
2255,4159,1797
2256,8095,1367
2257,3941,8210
2258,6066,5608
2259,7773,6877
2260,3348,2323
2261,509,6282
2262,4153,9515
2263,4230,866
2264,4658,6905
2265,2273,9035
2266,7760,4258
2267,3847,3952
2268,2966,4353
2269,6208,413
2270,7212,1382
2271,7811,3305
2272,3104,8842
2273,8124,7871
2274,8183,6926
2275,2491,4539
2276,5584,2575
2277,8937,2046
2278,618,1800
2279,2518,8654
2280,5596,1125
2281,2638,1454
2282,9442,7631
2283,2122,1973
2284,8408,2616
2285,1602,3389
2286,7566,6981
2287,7408,234
2288,1675,2387
2289,1552,8804
2290,5214,343
2291,467,563
2292,8096,6726
2293,9331,9399
2294,3733,1438
2295,6161,7905
2296,3506,5055
2297,3498,738
2298,2632,7962
2299,4360,3246
2300,6654,5908
2301,3748,2907
2302,1917,5574
2303,474,1724
2304,6628,5781
2305,6101,7605
2306,7596,7833
2307,729,1130
2308,5798,2556
2309,2751,5992
2310,5681,6209
2311,9658,6336
2312,8263,366
2313,9433,1707
2314,2407,2231
2315,118,4255
2316,8381,4056
2317,7547,6301
2318,1901,1023
2319,7700,3
2320,5312,4132
2321,783,5333
2322,9173,7846
2323,9440,7955
2324,7864,6772
2325,9889,7911
2326,6271,148
2327,7351,2781
2328,1073,403
2329,3328,6431
2330,7698,7226
2331,1832,1500
2332,8810,665
2333,1882,9141
2334,4419,1459
2335,5283,1300
2336,7489,6645
2337,323,8232
2338,4076,1684
2339,2957,1729
2340,5000,2978
2341,5822,2373
2342,6550,4493
2343,2410,9213
2344,7523,3972
2345,7857,1248
2346,7806,4919
2347,9681,8137
2348,5239,6138
2349,5829,8231
2350,7939,9637
2351,7916,9889
2352,2540,443
2353,2180,9284
2354,8197,565
2355,8884,9498
2356,9996,1499
2357,6649,3833
2358,9736,4718
2359,1992,8565
2360,9233,8245
2361,803,7299
2362,6990,1089
2363,9575,5723
2364,1466,767
2365,9553,3624
2366,6112,8410
2367,8720,2384
2368,7366,9035
2369,1958,5931
2370,6950,9438
2371,3993,8738
2372,8630,5714
2373,9158,6357
2374,1081,4428
2375,6597,7352
2376,4031,6409
2377,3175,27
2378,3559,1726
2379,236,6965
2380,7941,7005
2381,2657,5820
2382,3103,2199
2383,3622,4212
2384,4417,3592
2385,4430,5810
2386,5728,6899
2387,1087,7131
2388,5612,251
2389,3450,1294
2390,2366,748
2391,2884,5050
2392,9441,1620
2393,9539,3949
2394,9053,3617
2395,709,747
2396,9758,7207
2397,57,4823
2398,7171,3454
2399,3473,6337
2400,3139,9686
2401,2943,3372
2402,5850,1032
2403,2860,6346
2404,2640,2043
2405,1975,5687
2406,9899,8320
2407,3531,7327
2408,1867,9338
2409,2906,989
2410,4499,9197
2411,8725,5585
2412,8615,4338
2413,1661,8028
2414,5025,5252
2415,3316,4171
2416,2606,9674
2417,9981,4382
2418,8597,4065
2419,7266,4340
2420,1624,3238
2421,1668,7861
2422,803,1293
2423,7580,5083
2424,5441,2448
2425,1824,5838
2426,7709,4520
2427,434,5227
2428,3430,1665
2429,8626,656
2430,3484,6173
2431,3188,7671
2432,3672,5127
2433,7868,2252
2434,6504,7410
2435,2726,7884
2436,8135,8734
2437,9778,4700
2438,1866,2023
2439,6204,4771
2440,5751,3690
2441,1098,1237
2442,2241,2420
2443,7342,925
2444,4110,2712
2445,3419,6215
2446,8393,237
2447,4981,6327
2448,5267,4786
2449,9681,5897
2450,1925,4703
2451,7547,918
2452,9072,2057
2453,4567,8671
2454,1141,6818
2455,6255,4394
2456,7697,7355
2457,8346,2294
2458,9152,1638
2459,1918,3148
2460,1139,8444
2461,6460,5732
2462,1659,8312
2463,6378,1697
2464,8325,6206
2465,431,9434
2466,1904,1580
2467,4583,9606
2468,6105,315
2469,6997,7619
2470,7768,8529
2471,856,9843
2472,5523,6407
2473,6086,5876
2474,4080,8306
2475,8518,4427
2476,3864,8224
2477,7514,4188
2478,4599,4705
2479,857,4824
2480,1968,9408
2481,4682,9747
2482,2094,8860
2483,7404,2144
2484,5077,1143
2485,6339,1468
2486,9830,6058
2487,5212,9748
2488,4273,2515
2489,1410,1060
2490,8997,7036
2491,3097,3533
2492,5539,1785
2493,952,2322
2494,5889,9566
2495,4756,5792
2496,6506,9626
2497,6327,4951
2498,7090,3413
2499,2655,1753
2500,2136,6033
2501,8658,2637
2502,6788,4351
2503,2159,656
2504,8831,3394
2505,241,1002
2506,98,2616
2507,829,7144
2508,9639,5786
2509,9290,9979
2510,8524,4705
2511,3120,9933
2512,6806,1939
2513,7496,859
2514,6993,7833
2515,276,3475
2516,7589,7406
2517,984,4315
2518,1013,4150
2519,2933,1548
2520,8033,1176
2521,6487,6681
2522,6732,6714
2523,8980,2832
2524,3064,2328
2525,6132,4011
2526,3964,768
2527,8960,2515
2528,4359,9708
2529,579,6323
2530,4031,7933
2531,8958,9572
2532,5666,4897
2533,6600,554
2534,6478,6689
2535,8498,6922
2536,1900,4442
2537,8600,1254
2538,230,5190
2539,5811,1303
2540,7913,1109
2541,8331,1366
2542,7302,3229
2543,6826,9271
2544,8787,316
2545,8428,8594
2546,9999,1621
2547,9474,8847
2548,2818,8911
2549,470,2461
2550,7490,7206
2551,6217,9216
2552,7458,5867
2553,3608,4389
2554,2709,415
2555,9325,1858
2556,9072,840
2557,2018,7551
2558,430,9741
2559,9664,7163
2560,2493,4580
2561,7670,1085
2562,1877,2885
2563,7828,3496
2564,6521,8923
2565,9447,5273
2566,6470,1639
2567,735,6144
2568,5928,6240
2569,444,2745
2570,9548,7851
2571,8392,8982
2572,5088,2530
2573,9741,411
2574,6231,4420
2575,3767,53
2576,3129,2778
2577,7508,199
2578,1094,3649
2579,6280,1779
2580,9915,9049
2581,5438,5170
2582,8941,6729
2583,1832,5616
2584,7555,444
2585,9799,1255
2586,1712,1276
2587,9126,1894
2588,6621,1913
2589,8641,3741
2590,4421,6310
2591,531,8248
2592,1786,3281
2593,7981,9286
2594,1782,5197
2595,5010,3748
2596,5052,9182
2597,4175,4267
2598,3100,480
2599,1208,4499
2600,9685,5348
2601,9758,2434
2602,9044,5927
2603,5532,9142
2604,9003,6577
2605,801,9866
2606,1118,7495
2607,7240,2136
2608,1702,4142
2609,994,9644
2610,9032,1933
2611,5429,6320
2612,7520,2573
2613,6942,761
2614,8359,3312
2615,1651,4269
2616,7907,3179
2617,531,5552
2618,8125,7457
2619,8110,4266
2620,7086,4925
2621,4513,2054
2622,5587,8091
2623,7497,3225
2624,3760,1076
2625,697,8781
2626,2625,2133
2627,7655,5994
2628,4139,2635
2629,5200,896
2630,6704,5117
2631,8780,5795
2632,5842,3157
2633,2268,7475
2634,7199,2572
2635,2128,6374
2636,7722,9857
2637,421,9540
2638,6955,886
2639,1371,208
2640,9676,1912
2641,9589,190
2642,628,6440
2643,570,7269
2644,273,3355
2645,8168,7971
2646,4798,170
2647,1528,2887
2648,820,4279
2649,8444,6079
2650,381,909
2651,9397,9214
2652,6291,2386
2653,594,3338
2654,5511,1916
2655,850,7967
2656,1038,5677
2657,6538,5907
2658,7654,1468
2659,4290,6007
2660,7510,5409
2661,6010,9399
2662,7123,9837
2663,3307,2287
2664,6335,9748
2665,3144,7225
2666,8939,3048
2667,4178,567
2668,9229,5507
2669,2219,1817
2670,4798,3520
2671,3122,6892
2672,9674,2615
2673,8653,8704
2674,4746,9379
2675,6037,1188
2676,830,1298
2677,7867,8223
2678,1635,9480
2679,8392,4174
2680,6725,4448
2681,7571,8757
2682,782,6241
2683,4475,5540
2684,4125,6248
2685,7060,8968
2686,7345,1448
2687,3631,7146
2688,7652,4379
2689,6129,8008
2690,2981,6227
2691,293,5262
2692,7213,641
2693,3598,4449
2694,116,8577
2695,757,3704
2696,524,7840
2697,3153,5367
2698,9978,5340
2699,6516,2073
2700,3925,3254
2701,2961,7961
2702,8615,9846
2703,7084,5821
2704,3888,6092
2705,10,5456
2706,3418,8974
2707,1432,9258
2708,904,9219
2709,5783,1646
2710,3847,6922
2711,8116,4833
2712,3206,4232
2713,4822,8722
2714,7058,9548
2715,3681,8458
2716,9786,9025
2717,3559,9024
2718,3522,2191
2719,9998,4585
2720,7682,7518
2721,6445,3227
2722,7806,7625
2723,623,125
2724,7409,4395
2725,3802,7149
2726,1986,2152
2727,9370,8941
2728,1433,4954
2729,8183,1979
2730,299,9911
2731,4149,8603
2732,1552,1339
2733,5705,6403
2734,342,4696
2735,2953,2914
2736,9934,8118
2737,6684,3902
2738,6708,6040
2739,5217,122
2740,7805,5229
2741,8860,9280
2742,9033,5248
2743,8075,2784
2744,6695,8861
2745,3206,2389
2746,488,3567
2747,8405,4720
2748,7819,155
2749,6859,2324
2750,7208,9171
2751,5456,877
2752,5625,1080
2753,4525,1213
2754,7441,9743
2755,4289,213
2756,1776,2622
2757,7568,4524
2758,2287,9108
2759,5786,6911
2760,6678,8242
2761,2634,4645
2762,7614,378
2763,1813,9518
2764,3632,7458
2765,1010,8167
2766,3147,4725
2767,4857,7629
2768,5861,294
2769,9364,9612
2770,7545,6882
2771,3826,6450
2772,959,7793
2773,4714,9029
2774,9225,9705
2775,493,5165
2776,6153,8607
2777,7028,6783
2778,8336,9274
2779,696,9591
2780,2353,8822
2781,3873,6418
2782,6436,8226
2783,8934,3797
2784,4023,4679
2785,4931,8382
2786,7247,2533
2787,4441,357
2788,6428,6203
2789,7167,6398
2790,8506,5714
2791,9382,6414
2792,5588,3879
2793,2650,6006
2794,787,9556
2795,788,1841
2796,5043,6154
2797,6364,5095
2798,71,2397
2799,652,7003
2800,4995,716
2801,5536,920
2802,9223,5339
2803,3434,5010
2804,9324,5343
2805,2498,6172
2806,2791,8021
2807,9530,5606
2808,4698,7215
2809,3279,3424
2810,6506,6508
2811,939,4735
2812,6843,4035
2813,4776,6746
2814,2791,7404
2815,6591,2211
2816,1197,6939
2817,6094,5853
2818,5590,4666
2819,1016,654
2820,6436,8785
2821,3335,2242
2822,595,8645
2823,1980,2457
2824,1009,3722
2825,4855,8574
2826,3354,5606
2827,2034,4485
2828,2747,6180
2829,2871,8033
2830,1816,6418
2831,9426,1439
2832,8186,3928
2833,6018,8738
2834,3008,6564
2835,5481,6828
2836,5270,7750
2837,4546,9253
2838,2659,357
2839,98,1355
2840,8764,4077
2841,423,5831
2842,7446,2806
2843,1037,1479
2844,3785,2914
2845,4207,1166
2846,4656,9138
2847,5723,6548
2848,6108,5301
2849,542,187
2850,3256,127
2851,767,3087
2852,9624,2706
2853,1560,4345
2854,1946,2203
2855,1310,657
2856,3791,3819
2857,4242,8573
2858,4179,3552
2859,5775,7034
2860,2839,6880
2861,6500,3237
2862,5456,9426
2863,8972,5975
2864,600,9769
2865,504,923
2866,3811,4541
2867,2031,7309
2868,988,471
2869,3532,1473
2870,8157,6521
2871,3125,6845
2872,7902,7192
2873,3500,9829
2874,7332,6792
2875,8510,3233
2876,7099,4354
2877,4328,7276
2878,9486,9812
2879,394,7243
2880,4259,7685
2881,1316,1383
2882,2820,7475
2883,9965,2458
2884,8568,6891
2885,7394,3778
2886,7632,6469
2887,9835,8085
2888,4525,6537
2889,137,6226
2890,2798,9602
2891,7404,1199
2892,4743,1965
2893,241,1445
2894,9454,253
2895,8760,8836
2896,9311,559
2897,4036,5667
2898,9616,7685
2899,5820,4584
2900,5134,3250
2901,7822,3936
2902,9654,8689
2903,2547,9932
2904,2112,1762
2905,142,4633
2906,6741,3297
2907,6910,6106
2908,8257,9140
2909,6082,2420
2910,7123,3762
2911,2572,2438
2912,5330,8715
2913,238,2610
2914,9754,3671
2915,1665,6588
2916,1620,3663
2917,9029,1743
2918,3555,4594
2919,4499,438
2920,8906,2661
2921,7678,4126
2922,6492,8139
2923,2407,3317
2924,6443,1372
2925,7184,686
2926,546,6149
2927,6536,4533
2928,1918,7307
2929,7077,6745
2930,2631,4541
2931,2976,4155
2932,1068,4326
2933,6810,6034
2934,2220,1388
2935,8749,8232
2936,4417,4024
2937,6557,4980
2938,7767,7762
2939,6333,2212
2940,4139,3672
2941,7725,4599
2942,9294,75
2943,7825,3781
2944,6313,502
2945,8046,28
2946,6458,3403
2947,7533,8264
2948,1324,3868
2949,2674,7357
2950,8277,9939
2951,2918,7412
2952,3193,8991
2953,7488,1232
2954,4619,9627
2955,9634,5740
2956,6852,8620
2957,9903,9891
2958,5180,8615
2959,283,3291
2960,4197,5885
2961,2043,4270
2962,5000,3909
2963,5708,9063
2964,8023,20
2965,9855,5110
2966,3857,9563
2967,3729,2592
2968,4484,3436
2969,6313,4038
2970,4764,5882
2971,7419,7519
2972,393,9069
2973,2378,6181
2974,4752,3951
2975,4634,425
2976,7320,2454
2977,9074,3524
2978,7892,6494
2979,6928,8076
2980,3616,1043
2981,599,4479
2982,1285,5191
2983,3060,8047
2984,4087,2262
2985,8031,7529
2986,3053,372
2987,4396,3859
2988,4624,2734
2989,1712,8930
2990,2684,5702
2991,5825,3269
2992,3253,3301
2993,7911,9874
2994,963,2364
2995,494,2715
2996,8461,7115
2997,4381,3261
2998,8276,9565
2999,961,7956
