n = 4000
Tp = 1
ts = 4000
r = 7000
0,8490,9113
1,1357,2461
2,4857,9279
3,5199,9977
4,6301,4039
5,5921,6437
6,5307,6355
7,9168,2673
8,6676,1554
9,7399,8674
10,8751,667
11,3213,7984
12,8533,9110
13,5823,5082
14,9206,7943
15,5336,1574
16,4601,344
17,5772,377
18,3600,3890
19,4996,1071
20,3146,8247
21,4388,9480
22,4994,3135
23,249,9551
24,5156,1260
25,126,6328
26,2896,8156
27,45,710
28,2023,604
29,4978,9014
30,4658,6228
31,539,6619
32,3027,434
33,1740,1271
34,9827,5430
35,32,3426
36,4682,8040
37,4457,7146
38,9485,8385
39,2792,2936
40,2961,4012
41,9464,3643
42,6829,6570
43,5669,7955
44,6174,508
45,9418,7835
46,1397,4337
47,1064,5044
48,2491,2093
49,6322,8939
50,2724,5554
51,7221,5446
52,6593,4637
53,4022,416
54,767,6063
55,6707,6350
56,318,6038
57,1979,4749
58,3996,6952
59,2185,8458
60,303,3884
61,9628,5742
62,945,7525
63,9906,1716
64,7717,8875
65,8146,825
66,7689,1223
67,2937,2238
68,3428,7019
69,525,1901
70,6206,557
71,6973,5494
72,3439,9710
73,5369,7172
74,4303,6586
75,7934,1377
76,6973,2574
77,3289,8578
78,4827,769
79,429,5632
80,3591,1809
81,784,8437
82,2692,9276
83,4480,688
84,3094,8503
85,2130,6692
86,9709,7837
87,5467,9619
88,2841,7224
89,7239,5506
90,7164,9365
91,1431,5354
92,1965,5719
93,3224,2187
94,8184,4635
95,8382,4812
96,130,2003
97,6016,8995
98,6971,2
99,8972,5341
100,5868,4819
101,5995,1723
102,7840,470
103,2143,2634
104,9615,359
105,4537,4669
106,8453,1884
107,7160,2969
108,5074,1740
109,508,8173
110,1130,2935
111,8520,2780
112,3885,7413
113,4901,5544
114,7248,6431
115,1635,5868
116,5146,8228
117,9930,2629
118,2699,8041
119,9039,1423
120,8214,7889
121,8195,2392
122,6176,8468
123,4357,8611
124,3569,7263
125,4600,1036
126,9559,1448
127,623,1411
128,8377,3835
129,4148,9238
130,6409,3574
131,6888,8159
132,4595,6654
133,2804,4663
134,5282,5916
135,1871,5781
136,5426,8248
137,200,5752
138,2880,6512
139,5075,2668
140,2957,7397
141,8657,4604
142,2865,1282
143,247,6181
144,2605,1817
145,7585,6451
146,3353,6892
147,8831,7003
148,9755,8853
149,221,1107
150,2905,9539
151,1745,1921
152,4918,4449
153,462,4367
154,7592,885
155,645,4552
156,411,2130
157,1035,1602
158,990,8570
159,6853,2376
160,6010,1443
161,9279,3458
162,4227,9092
163,4557,1331
164,6040,8253
165,9065,3855
166,6980,7873
167,4347,2999
168,7975,481
169,695,7506
170,8158,8389
171,127,8394
172,8206,7721
173,1849,5217
174,7569,4467
175,4092,1934
176,8807,7629
177,9060,2423
178,6861,4131
179,485,3052
180,8475,1066
181,8012,1614
182,3095,3338
183,3952,1450
184,1560,3722
185,4327,3398
186,4981,3303
187,9862,407
188,6171,7744
189,3969,8396
190,9693,4065
191,3824,2891
192,4998,8698
193,2386,1190
194,6442,8732
195,7883,218
196,3258,4831
197,4329,6500
198,4278,9939
199,7493,4703
200,941,2369
201,852,7854
202,4225,2972
203,541,8786
204,6853,9242
205,949,2441
206,9064,5609
207,6758,7829
208,9931,64
209,862,852
210,2638,2995
211,6003,7296
212,5641,3938
213,2997,7445
214,9142,6127
215,5340,7162
216,6684,5354
217,656,7806
218,9589,3418
219,792,6225
220,5233,3002
221,4682,5084
222,4,6046
223,4113,1261
224,555,2001
225,6028,5235
226,7964,7453
227,8866,8147
228,5979,4757
229,228,4693
230,4153,9506
231,4027,2990
232,9030,4440
233,3361,4282
234,5559,7013
235,4635,6853
236,9267,7190
237,4707,5159
238,7799,7573
239,7797,4970
240,2906,1714
241,3103,873
242,4762,6637
243,1547,2327
244,1173,3982
245,7545,168
246,6324,5201
247,7317,2336
248,5842,6113
249,409,5574
250,9098,32
251,6395,3909
252,8622,1440
253,2646,5823
254,9300,8881
255,7014,9694
256,9595,9495
257,1533,9017
258,9083,3559
259,5523,5039
260,1562,7647
261,6618,3523
262,1787,9023
263,6639,116
264,5905,5768
265,3740,9031
266,930,8639
267,3947,1827
268,2486,7837
269,1813,3545
270,1279,5510
271,9737,8414
272,6290,3636
273,3592,8007
274,4819,7056
275,7164,3248
276,5103,4173
277,7353,409
278,7491,3233
279,3516,253
280,7818,2384
281,3312,7632
282,8227,5815
283,5903,3652
284,5441,4369
285,3973,6456
286,2811,3961
287,6961,2222
288,3732,7677
289,7221,1335
290,5686,5580
291,3532,6126
292,6871,9852
293,1339,2781
294,2430,5338
295,1232,7760
296,9519,5631
297,2583,2356
298,1217,7403
299,9836,8283
300,9824,2432
301,6554,6720
302,7166,6798
303,9122,1553
304,4149,7350
305,5031,7950
306,280,4670
307,1190,28
308,439,2128
309,3956,1429
310,2945,4079
311,7679,7216
312,3524,4391
313,4614,7577
314,2144,175
315,660,3037
316,6985,2222
317,8888,7669
318,5963,8679
319,9888,1772
320,9560,7027
321,9300,4606
322,1213,58
323,7039,4159
324,115,9789
325,8183,533
326,8497,82
327,8382,7331
328,5518,9485
329,1537,2242
330,4628,7128
331,8430,7934
332,1376,7711
333,4450,4955
334,8246,7162
335,2928,467
336,2722,1400
337,2318,1277
338,6505,1620
339,7449,634
340,5870,4599
341,6265,1743
342,432,3962
343,4224,3658
344,9456,517
345,2875,436
346,4305,3849
347,8043,3410
348,2712,2215
349,1053,5303
350,4659,2539
351,4293,2745
352,774,1256
353,6378,7790
354,6816,4849
355,1306,2659
356,9132,5250
357,3886,3000
358,5955,8953
359,1241,1996
360,7103,5155
361,1834,433
362,7291,9543
363,8241,2460
364,8150,7193
365,6221,4555
366,54,1501
367,7779,8243
368,3417,2473
369,4396,9877
370,470,6821
371,3238,7916
372,5858,2881
373,5850,9573
374,3199,9107
375,8765,5339
376,9359,1595
377,4896,8671
378,3446,1701
379,8178,8097
380,4413,2459
381,6870,7101
382,1203,7140
383,2255,7076
384,8382,9357
385,9479,102
386,2431,1443
387,2511,2777
388,4116,8794
389,5217,5369
390,7846,4860
391,9633,5164
392,4851,7105
393,2098,3024
394,2054,4488
395,3157,8884
396,8050,3392
397,2412,7296
398,3070,69
399,1020,209
400,7658,2842
401,3249,1717
402,6479,7439
403,2939,5503
404,3413,3727
405,294,936
406,1806,4153
407,7800,3571
408,1263,2457
409,740,4650
410,4191,6435
411,4283,602
412,8472,5915
413,5682,6728
414,7355,3171
415,7726,3230
416,2896,3970
417,2972,8470
418,8763,6429
419,9517,9186
420,6777,405
421,1439,1734
422,4250,6334
423,7079,9747
424,3801,7031
425,9641,8320
426,9142,778
427,2826,4231
428,884,113
429,9181,9017
430,8654,9235
431,1626,1023
432,7109,2362
433,8525,5454
434,8069,4818
435,4186,2870
436,2821,9281
437,5710,2279
438,365,1613
439,7408,1
440,5570,9806
441,8727,4838
442,3165,4162
443,261,7358
444,2810,918
445,5489,455
446,4779,8568
447,4786,6791
448,5420,662
449,7223,4016
450,3826,2002
451,84,5118
452,3133,1189
453,4983,4080
454,8573,604
455,361,5760
456,1456,5492
457,1856,6545
458,8537,2702
459,3008,3668
460,8877,1902
461,6641,9943
462,6582,7734
463,4044,2667
464,346,5978
465,2944,1488
466,3654,8736
467,1409,2111
468,2484,7926
469,9216,4035
470,172,9407
471,9349,549
472,2967,4779
473,1337,5843
474,3182,5346
475,6512,4093
476,3665,1549
477,7683,9355
478,3572,4626
479,5052,7630
480,7075,8122
481,8650,5794
482,9462,5600
483,8933,3724
484,2607,2312
485,3979,8518
486,7456,8425
487,3785,5060
488,9402,681
489,6629,4930
490,1521,2835
491,4952,1452
492,2683,871
493,7289,505
494,2807,7359
495,1876,7829
496,442,3898
497,5914,4874
498,9444,7847
499,5714,9418
500,417,5231
501,9629,1436
502,5068,1198
503,9703,3776
504,7982,752
505,1082,4081
506,8484,8549
507,8412,7702
508,718,9856
509,9992,6052
510,9940,450
511,8698,3268
512,1091,4669
513,7844,4636
514,5109,9528
515,9422,5885
516,7231,3230
517,154,5273
518,8068,739
519,8805,2527
520,5014,9989
521,5562,5604
522,412,8474
523,3921,79
524,8192,8908
525,4404,8080
526,1647,5630
527,5297,6078
528,6979,5385
529,9004,6317
530,7726,4823
531,5660,1801
532,8780,5675
533,9062,5297
534,2299,3051
535,6791,2994
536,8727,7724
537,2826,7295
538,4398,6841
539,3945,4442
540,7586,3583
541,4928,4146
542,4797,6423
543,5454,5977
544,4878,3104
545,1445,480
546,4385,1481
547,736,8801
548,1629,4345
549,9540,4857
550,647,859
551,1871,864
552,308,9785
553,8910,3446
554,7340,1683
555,9578,3868
556,3418,1740
557,418,4636
558,7952,3714
559,2916,8246
560,2759,2648
561,8676,2313
562,6196,6865
563,9903,4970
564,6742,9883
565,6250,2899
566,2411,998
567,6227,3755
568,386,2896
569,4185,638
570,2508,9726
571,1304,8089
572,1340,217
573,9020,9492
574,1373,2242
575,3799,2556
576,1235,9859
577,8445,4380
578,3385,6932
579,5036,4679
580,394,1511
581,5850,3525
582,1275,128
583,8582,9016
584,7237,6916
585,624,8505
586,4864,2141
587,3509,7236
588,8075,7560
589,1731,701
590,3001,924
591,9259,1597
592,9525,2806
593,4404,6205
594,774,7125
595,7915,4589
596,3181,3711
597,5512,6002
598,9227,6814
599,5133,490
600,2320,7691
601,8728,6237
602,3086,1381
603,1047,9138
604,4956,3710
605,379,2394
606,2934,3155
607,4724,2317
608,9538,4373
609,9292,4960
610,5437,6889
611,4577,6688
612,836,2408
613,9354,4926
614,4479,9219
615,1594,5142
616,6599,6664
617,2418,9325
618,7512,5369
619,8721,1046
620,6882,4671
621,5255,4834
622,8490,9995
623,3863,626
624,6365,9012
625,1467,154
626,9460,1634
627,5393,1395
628,4082,7302
629,8258,3549
630,9803,3764
631,899,9472
632,8783,2990
633,5493,3933
634,3028,1694
635,1880,3846
636,418,479
637,700,2470
638,9511,5225
639,5463,5982
640,3243,1959
641,1315,4957
642,3933,1159
643,7983,3931
644,300,7341
645,3029,2787
646,8643,7508
647,5660,6859
648,5164,3362
649,5092,1649
650,6933,1047
651,9934,3523
652,1775,1938
653,4110,9419
654,6963,2336
655,2345,6758
656,6447,1538
657,7240,6127
658,5214,6202
659,6799,3452
660,9766,465
661,5527,8804
662,6107,1496
663,8983,9980
664,4209,2441
665,370,5373
666,4574,7145
667,7337,2420
668,5694,2412
669,6417,7254
670,1904,6101
671,7775,7245
672,4782,6761
673,592,435
674,8906,9823
675,9190,5578
676,5331,4726
677,4076,8981
678,1383,9714
679,6410,6983
680,1810,9237
681,9956,6406
682,8901,1174
683,5725,7611
684,690,2849
685,6937,2905
686,3972,4315
687,3791,24
688,2651,7072
689,1230,4285
690,8805,5978
691,5303,264
692,1400,1792
693,8615,8345
694,1387,1721
695,7144,9087
696,9397,3163
697,3790,4687
698,9661,8261
699,7980,957
700,4256,7397
701,5225,8890
702,8481,1286
703,7149,8091
704,1243,90
705,4613,6321
706,2626,1024
707,1894,5898
708,808,1010
709,6478,9796
710,6779,5342
711,1814,7353
712,2827,5087
713,3747,4699
714,2058,4807
715,7116,1822
716,6188,5899
717,822,9180
718,6685,7979
719,7179,8825
720,2482,7981
721,7770,8500
722,9047,9716
723,791,7798
724,3704,4914
725,9795,202
726,8267,2231
727,1414,7353
728,1322,885
729,1225,9936
730,9519,4210
731,5312,4977
732,4697,2393
733,7300,6323
734,1003,253
735,207,8535
736,2850,8859
737,7728,2984
738,6119,9675
739,7615,9278
740,5403,3394
741,5291,6767
742,8927,9848
743,4542,3698
744,8118,5409
745,1874,7618
746,1330,8042
747,1420,5771
748,4171,4129
749,6087,7988
750,2462,929
751,1532,8840
752,5522,3433
753,589,6563
754,9238,7512
755,7041,4422
756,8694,2152
757,2057,6440
758,7756,5348
759,2161,2729
760,4802,6118
761,8115,1027
762,7206,4658
763,5797,9535
764,1255,3897
765,2,3809
766,5004,5482
767,7494,9170
768,7764,3851
769,5763,7240
770,4824,4368
771,3729,6132
772,8076,8870
773,8195,3831
774,7348,5903
775,2548,7633
776,83,4554
777,8799,3992
778,2143,2334
779,4542,7442
780,5281,8275
781,8331,720
782,3752,2509
783,1458,8263
784,3821,485
785,39,3883
786,9216,1350
787,9796,458
788,210,8129
789,4363,8530
790,7404,1870
791,5530,1728
792,3181,6528
793,8540,5686
794,7265,8067
795,6603,120
796,7020,7428
797,1732,9524
798,4742,4989
799,5411,7323
800,8736,8219
801,9517,1568
802,2340,7902
803,4301,684
804,8059,1469
805,790,7276
806,2361,2740
807,551,6056
808,8002,4619
809,9468,1088
810,128,4548
811,9345,2308
812,8140,3536
813,3153,5361
814,3082,1854
815,7245,3939
816,7521,7025
817,9481,1868
818,5511,6557
819,7520,9583
820,9484,2414
821,4967,937
822,1197,2293
823,383,3261
824,2761,1280
825,2916,9194
826,4544,9973
827,1443,8108
828,2630,8875
829,7640,4955
830,5399,357
831,6357,3187
832,4325,3931
833,9438,5185
834,621,5078
835,8993,1415
836,4936,5832
837,1732,3773
838,1373,9238
839,551,4964
840,2388,5188
841,7864,536
842,1749,2507
843,8837,657
844,6222,3609
845,972,9510
846,2483,9557
847,6814,3023
848,6128,93
849,7986,741
850,8746,9582
851,7653,216
852,1492,8607
853,383,6428
854,5886,5291
855,1570,8929
856,8023,4425
857,1196,430
858,5683,6633
859,843,5370
860,8599,5805
861,4368,4390
862,6209,5682
863,7900,8746
864,1845,7498
865,8247,491
866,3778,5048
867,9375,3365
868,5044,4519
869,5261,5803
870,7970,1446
871,8788,7976
872,4839,3988
873,2963,7201
874,9486,516
875,8250,5705
876,8326,4813
877,7209,4448
878,309,7537
879,7635,9993
880,3257,5240
881,4897,5159
882,5610,2216
883,1075,499
884,5995,6099
885,3234,4188
886,6351,4397
887,5041,5980
888,584,4585
889,6034,595
890,7994,7007
891,9813,7907
892,2190,3340
893,282,3431
894,835,8374
895,6504,5728
896,399,9193
897,4598,557
898,1860,9171
899,9654,4054
900,2429,7865
901,4642,5157
902,7191,7492
903,6318,4674
904,573,4812
905,61,1530
906,9691,5791
907,9920,4635
908,5508,3709
909,7993,3630
910,1535,643
911,2270,130
912,2428,5731
913,7064,2497
914,4565,252
915,1003,6097
916,8415,4635
917,2096,7897
918,3760,7374
919,3886,4829
920,9882,3808
921,6872,9321
922,8181,7287
923,7231,7686
924,3323,1878
925,5688,7596
926,5965,4382
927,409,5412
928,3891,3304
929,364,2807
930,6481,2360
931,7510,8553
932,4373,415
933,33,8300
934,8332,6927
935,4966,3651
936,1860,1755
937,3958,5652
938,2300,6747
939,23,5832
940,5144,8457
941,5820,3986
942,993,3883
943,5757,8361
944,4585,2781
945,1574,3940
946,6812,4938
947,6571,657
948,8114,9655
949,1177,5666
950,2753,2012
951,7032,1141
952,6671,6384
953,3981,7919
954,4805,8352
955,7099,9044
956,1519,2907
957,6649,4421
958,8927,1773
959,4239,7462
960,4002,9174
961,4234,8331
962,7370,3702
963,303,1695
964,523,7192
965,7404,6288
966,2049,2872
967,7962,6330
968,622,850
969,351,2958
970,8754,1257
971,1632,1615
972,9683,144
973,5187,4474
974,8204,4904
975,7570,911
976,7473,2119
977,9403,7296
978,9232,2641
979,853,7188
980,9331,9622
981,2926,5353
982,5890,7320
983,4399,1524
984,118,6807
985,6257,7318
986,4360,4826
987,4344,8701
988,7272,5852
989,6205,3891
990,2698,481
991,9114,7095
992,9610,5988
993,4463,1031
994,7936,1518
995,4081,2263
996,1999,9125
997,114,9248
998,4855,1423
999,7724,1832
1000,6394,8833
1001,8006,1561
1002,2588,1224
1003,4089,6481
1004,6179,8675
1005,9261,3670
1006,4190,4811
1007,8940,5972
1008,2274,4161
1009,9032,6260
1010,3647,6242
1011,1672,6698
1012,338,5897
1013,4941,3611
1014,8196,9265
1015,3779,6489
1016,1231,2181
1017,3444,2189
1018,8272,4359
1019,9654,5744
1020,1640,3001
1021,8133,9654
1022,4396,5003
1023,971,7495
1024,7005,6577
1025,3355,7819
1026,930,8384
1027,4317,7970
1028,6945,9382
1029,6819,2589
1030,2764,1027
1031,74,8972
1032,3448,1063
1033,221,7461
1034,1881,905
1035,6132,8958
1036,6874,1330
1037,6393,1095
1038,3672,708
1039,3931,3527
1040,3870,8746
1041,3675,8705
1042,6059,9325
1043,8740,9634
1044,2559,7295
1045,760,5738
1046,3429,5672
1047,4165,5269
1048,9082,4715
1049,2918,5301
1050,6204,5797
1051,4406,9006
1052,4029,6289
1053,2687,3981
1054,4823,8682
1055,5200,4214
1056,3833,5790
1057,78,3241
1058,6784,7196
1059,385,5935
1060,8753,618
1061,5823,4247
1062,3842,3717
1063,2086,4712
1064,584,1301
1065,9763,6178
1066,5323,604
1067,7088,1541
1068,3254,4124
1069,6729,6621
1070,4523,1042
1071,4943,553
1072,243,7139
1073,2262,6823
1074,7731,337
1075,9001,8109
1076,2490,969
1077,5885,3846
1078,4919,2845
1079,8099,4248
1080,2407,4185
1081,2919,6174
1082,2172,4756
1083,8262,631
1084,3609,5941
1085,428,4457
1086,7017,7279
1087,1259,2243
1088,9376,3419
1089,2376,5135
1090,9210,8017
1091,8127,1376
1092,7903,2194
1093,2102,9069
1094,4616,6308
1095,6239,4457
1096,7371,4155
1097,2024,8687
1098,6481,1281
1099,7228,9911
1100,1161,6786
1101,6076,2679
1102,3670,9974
1103,8312,9961
1104,915,5883
1105,3895,1829
1106,2599,4959
1107,5591,9163
1108,8052,6903
1109,6750,4879
1110,4601,2287
1111,5887,9009
1112,7655,1311
1113,7512,9015
1114,8736,5509
1115,4039,7978
1116,5275,9893
1117,1549,9818
1118,2084,3322
1119,1019,2111
1120,5729,4391
1121,3913,3789
1122,2656,431
1123,8854,1667
1124,2955,5597
1125,8889,7888
1126,5390,9809
1127,7381,5858
1128,7519,1144
1129,4620,6636
1130,747,7367
1131,9034,8339
1132,1266,403
1133,6098,6438
1134,3785,6303
1135,9879,1272
1136,7229,6979
1137,6064,4044
1138,3831,1142
1139,5006,9755
1140,4091,3320
1141,8570,8724
1142,9322,5503
1143,7063,945
1144,8760,4748
1145,7047,1441
1146,9528,4728
1147,9834,3608
1148,6531,2496
1149,4225,2111
1150,519,2314
1151,5200,4313
1152,3548,9875
1153,1457,8484
1154,9730,7751
1155,1029,504
1156,6918,780
1157,6518,1023
1158,9299,8796
1159,9657,4577
1160,1542,6861
1161,7775,8347
1162,8730,494
1163,1130,7899
1164,7761,1520
1165,6364,9242
1166,7364,5198
1167,6874,3142
1168,8961,6267
1169,6464,6715
1170,6708,7895
1171,591,6318
1172,689,301
1173,7889,9942
1174,765,7948
1175,9133,9367
1176,668,9936
1177,4950,3292
1178,4324,605
1179,3950,4416
1180,3393,9415
1181,7655,7065
1182,9858,1744
1183,8954,6290
1184,4113,1999
1185,7697,3060
1186,6832,2953
1187,2862,3792
1188,7359,3407
1189,6783,6347
1190,4986,6292
1191,9753,8151
1192,1006,6857
1193,5745,6665
1194,5020,2247
1195,4074,172
1196,1606,5257
1197,7304,610
1198,2535,7059
1199,8963,2210
1200,1023,8130
1201,4791,2515
1202,8764,7554
1203,1528,9811
1204,4948,662
1205,4147,4052
1206,4511,1191
1207,4512,8052
1208,3633,1564
1209,6356,823
1210,2453,4771
1211,2498,3443
1212,3685,2617
1213,1297,9016
1214,534,9932
1215,121,7738
1216,544,426
1217,3895,3340
1218,9755,7413
1219,6753,1979
1220,949,2070
1221,1715,148
1222,5584,8618
1223,247,1699
1224,5721,3741
1225,1730,2329
1226,2466,5250
1227,7067,1753
1228,3746,3933
1229,9496,4095
1230,1666,1069
1231,5601,5693
1232,952,3001
1233,5445,6356
1234,2736,1798
1235,9099,747
1236,182,7154
1237,2161,143
1238,9905,4096
1239,144,6471
1240,3977,6000
1241,4961,3699
1242,4281,7834
1243,6968,8129
1244,2064,1687
1245,7838,8507
1246,4401,3213
1247,6638,7648
1248,5338,2549
1249,8053,877
1250,193,4202
1251,7356,7768
1252,4458,6416
1253,3409,4313
1254,7814,6558
1255,7377,7254
1256,1702,1481
1257,1123,9049
1258,9117,5855
1259,2862,2480
1260,2883,8365
1261,9386,1216
1262,1702,6829
1263,6196,2055
1264,6490,1184
1265,9387,8301
1266,2993,5876
1267,5607,3238
1268,6822,6114
1269,105,8983
1270,8243,4919
1271,2621,4514
1272,3043,7468
1273,1597,3711
1274,9154,5828
1275,943,3001
1276,2304,9697
1277,2495,9043
1278,4308,5796
1279,263,5909
1280,6109,3647
1281,3162,3143
1282,8708,9464
1283,9616,2984
1284,4765,1725
1285,2875,9835
1286,8205,271
1287,6217,1295
1288,53,8733
1289,5538,1402
1290,5260,9757
1291,753,3649
1292,523,5608
1293,3104,9143
1294,8241,5139
1295,3756,8943
1296,6791,6646
1297,7719,8207
1298,2190,6315
1299,6108,7379
1300,4372,3781
1301,173,3803
1302,1750,7147
1303,5160,1891
1304,9647,6767
1305,5608,9949
1306,7759,6623
1307,1384,9756
1308,9687,7287
1309,1458,7455
1310,9856,9584
1311,2166,409
1312,4011,6201
1313,8006,7209
1314,1171,7537
1315,2302,5403
1316,1679,622
1317,6145,8522
1318,355,2286
1319,270,8608
1320,3238,9559
1321,593,2683
1322,5839,5693
1323,4262,6190
1324,5160,7488
1325,9417,7393
1326,5941,1454
1327,5113,1222
1328,5342,3612
1329,5371,6810
1330,4935,3325
1331,3754,7827
1332,2256,8940
1333,6491,3884
1334,9945,5180
1335,1711,8330
1336,6398,9274
1337,3490,282
1338,9184,1851
1339,689,8122
1340,5107,360
1341,8424,7888
1342,7844,4914
1343,7529,3163
1344,3187,115
1345,889,9060
1346,8958,8739
1347,2452,9200
1348,6126,8531
1349,4945,2101
1350,1226,6938
1351,224,2582
1352,7545,1290
1353,8111,7325
1354,2838,2750
1355,5948,4340
1356,3612,3810
1357,3605,2753
1358,640,2143
1359,9099,4379
1360,2174,5826
1361,9205,5837
1362,8972,3159
1363,1457,7062
1364,7243,247
1365,5845,809
1366,2203,1051
1367,5764,216
1368,3022,1964
1369,1148,8361
1370,5109,2441
1371,8043,7762
1372,7398,6804
1373,7570,9398
1374,799,1386
1375,3906,8300
1376,9125,76
1377,2259,7336
1378,3701,1726
1379,1556,5496
1380,7499,9100
1381,5580,1981
1382,8337,4244
1383,911,6308
1384,239,8820
1385,7484,6928
1386,8705,1425
1387,2323,6598
1388,7974,3665
1389,4004,8741
1390,3476,2470
1391,354,2495
1392,7673,1319
1393,3527,5385
1394,8909,3164
1395,9057,4027
1396,7059,2453
1397,3770,1988
1398,3246,2872
1399,869,4493
1400,9920,4870
1401,4356,7736
1402,7742,473
1403,6951,8261
1404,9263,7900
1405,9199,7296
1406,5603,9479
1407,3056,7307
1408,9937,6789
1409,6613,7988
1410,9176,7700
1411,6413,34
1412,1911,3240
1413,7779,7473
1414,1528,8460
1415,9995,4696
1416,1142,2534
1417,6184,7203
1418,560,8166
1419,2379,9330
1420,8774,1275
1421,5942,7757
1422,9424,4674
1423,5807,770
1424,2014,2556
1425,16,1389
1426,42,9610
1427,7755,35
1428,1402,5559
1429,6154,6970
1430,8465,9731
1431,7620,7944
1432,8853,5464
1433,1900,6215
1434,3131,4779
1435,5572,962
1436,9662,512
1437,1839,2575
1438,2895,1322
1439,8419,5193
1440,3831,8862
1441,4237,792
1442,8823,1746
1443,783,7311
1444,2176,9080
1445,804,8322
1446,4687,7425
1447,7701,4690
1448,1616,784
1449,7412,423
1450,3555,4604
1451,6084,9545
1452,9164,4657
1453,8220,3322
1454,6756,1427
1455,6529,2611
1456,9038,3024
1457,2352,1178
1458,9444,913
1459,1805,3821
1460,8319,3805
1461,4453,8206
1462,6645,4667
1463,5056,3866
1464,9132,177
1465,1507,8167
1466,9981,3678
1467,2562,2666
1468,6980,7488
1469,8770,4947
1470,8468,2370
1471,2427,3910
1472,7623,1270
1473,9405,422
1474,1347,7115
1475,9834,6559
1476,8840,3771
1477,1425,6512
1478,7574,4708
1479,2731,980
1480,5260,5041
1481,7838,9596
1482,4203,5812
1483,7439,2218
1484,1785,1410
1485,8868,2156
1486,5649,1147
1487,7927,9395
1488,6567,9204
1489,6087,3584
1490,7017,7299
1491,3833,5626
1492,5153,7462
1493,5468,126
1494,9816,8689
1495,5817,7763
1496,1077,6834
1497,2105,8808
1498,3026,5106
1499,4640,3757
1500,9583,8155
1501,1000,571
1502,848,3056
1503,6617,337
1504,625,4606
1505,5827,188
1506,9931,9325
1507,7262,1218
1508,2926,5266
1509,5497,5210
1510,1134,9013
1511,175,3564
1512,6826,1497
1513,2615,5441
1514,1911,1229
1515,8442,5702
1516,9243,143
1517,1696,6483
1518,9461,4216
1519,7075,2082
1520,1162,9927
1521,9685,5502
1522,1115,430
1523,9294,4074
1524,8642,2835
1525,1085,7130
1526,5099,4628
1527,6671,9362
1528,7680,7179
1529,6990,6570
1530,844,8473
1531,6017,8314
1532,7169,8658
1533,9265,8680
1534,6276,5940
1535,891,5179
1536,7686,6181
1537,9377,6698
1538,7902,377
1539,2508,4038
1540,3250,8653
1541,9516,4161
1542,6549,7203
1543,4783,2458
1544,4746,4394
1545,4000,4279
1546,8726,6632
1547,1271,4525
1548,9156,4439
1549,8335,4286
1550,4226,6474
1551,8244,1039
1552,1208,5579
1553,2571,2885
1554,7769,4770
1555,6316,8428
1556,4034,7635
1557,6234,852
1558,3679,9333
1559,4547,4728
1560,8941,3835
1561,8850,4620
1562,1994,6609
1563,2370,4066
1564,3144,3332
1565,9773,1129
1566,1,9182
1567,2627,8179
1568,309,1100
1569,1718,962
1570,6126,4686
1571,1458,6622
1572,8292,2459
1573,2266,1397
1574,5213,943
1575,4221,735
1576,6460,9442
1577,7240,7645
1578,7162,4181
1579,421,4862
1580,8338,5163
1581,257,1550
1582,2694,2674
1583,5835,4891
1584,3488,8334
1585,3399,884
1586,3667,5520
1587,4691,1
1588,1471,5512
1589,5041,8202
1590,5282,1236
1591,7123,8341
1592,5356,6419
1593,2869,9646
1594,188,8506
1595,1156,8789
1596,9686,1458
1597,3437,8143
1598,4838,8221
1599,464,2490
1600,8813,9779
1601,7554,7570
1602,4138,7821
1603,9138,3512
1604,8981,3165
1605,6307,3157
1606,4068,3432
1607,6056,2939
1608,5472,5329
1609,1023,6596
1610,5410,3380
1611,2116,7274
1612,2375,7195
1613,9942,7170
1614,115,6384
1615,2550,5813
1616,9858,7776
1617,8171,5853
1618,4377,3560
1619,8483,3528
1620,8826,7839
1621,6020,8572
1622,7222,592
1623,1505,4200
1624,429,4914
1625,5464,610
1626,4834,3093
1627,2008,4914
1628,4522,6811
1629,7087,506
1630,7938,3777
1631,8065,1712
1632,8928,3545
1633,7382,3034
1634,4770,3446
1635,5882,5445
1636,6035,1570
1637,6040,6482
1638,108,5983
1639,8240,5358
1640,3911,2616
1641,2485,9500
1642,7934,8484
1643,5572,6705
1644,6098,5319
1645,4718,539
1646,1992,1620
1647,4150,5615
1648,238,2962
1649,4790,4477
1650,2795,7914
1651,8604,9459
1652,5316,9131
1653,9106,1003
1654,1642,1706
1655,283,7025
1656,3281,7609
1657,969,4758
1658,3564,4738
1659,6972,2218
1660,3348,2593
1661,3589,3609
1662,7527,2651
1663,552,6085
1664,8477,3039
1665,1968,6795
1666,758,7400
1667,4556,7029
1668,2688,7244
1669,7367,2843
1670,9428,3876
1671,4278,8023
1672,5055,2471
1673,5834,3572
1674,7919,3989
1675,6933,1634
1676,9571,4670
1677,5161,9225
1678,8037,9037
1679,3100,7446
1680,164,7972
1681,4888,8551
1682,7433,7109
1683,5487,8095
1684,7099,3354
1685,7259,5911
1686,3550,4993
1687,7571,9778
1688,2038,9000
1689,8554,7386
1690,4602,9665
1691,3682,604
1692,3028,8210
1693,2174,2285
1694,5141,7547
1695,6436,1352
1696,5796,229
1697,7873,8677
1698,8487,7412
1699,4903,9111
1700,1146,4008
1701,9346,4322
1702,8012,8406
1703,7416,5046
1704,5962,7390
1705,1886,29
1706,6979,5624
1707,9655,9549
1708,1338,2912
1709,7111,5675
1710,6218,2219
1711,7846,61
1712,2900,4037
1713,1969,521
1714,3507,7929
1715,5242,5471
1716,8129,4812
1717,8975,7727
1718,3538,902
1719,4056,1145
1720,4622,8606
1721,2618,1440
1722,5581,2465
1723,3769,9209
1724,5706,7918
1725,4026,3974
1726,538,6049
1727,6822,5833
1728,7302,3098
1729,7402,9015
1730,8179,2649
1731,8939,1931
1732,1731,6217
1733,6616,4468
1734,9909,3622
1735,4808,7501
1736,2631,7292
1737,8513,4614
1738,8491,3197
1739,266,2388
1740,4344,3455
1741,6489,9426
1742,7719,7456
1743,6534,5810
1744,7870,3270
1745,2353,3604
1746,7642,4136
1747,4159,2961
1748,7573,7234
1749,2527,4804
1750,471,3929
1751,4858,5830
1752,7608,7996
1753,2345,4501
1754,3267,9746
1755,3265,3713
1756,5719,3894
1757,2553,9027
1758,7527,7676
1759,2812,1114
1760,2321,4079
1761,410,5106
1762,412,7016
1763,1721,1075
1764,1978,1469
1765,168,2788
1766,4429,6547
1767,4468,9226
1768,1750,4642
1769,8356,9169
1770,2776,7876
1771,8687,4773
1772,1003,9449
1773,2190,8333
1774,4573,4554
1775,7979,3205
1776,4595,7079
1777,1496,4695
1778,4429,1503
1779,3981,3221
1780,9783,4588
1781,2185,6582
1782,2251,121
1783,8297,7515
1784,2484,5073
1785,1223,2108
1786,558,3878
1787,7434,6323
1788,8233,7642
1789,9035,165
1790,6236,9277
1791,8296,4584
1792,7895,211
1793,673,5046
1794,8128,6065
1795,6671,7037
1796,4895,9652
1797,7012,3648
1798,3317,9391
1799,1262,1533
1800,1335,8847
1801,1094,7627
1802,4953,508
1803,4053,4928
1804,5541,7886
1805,9077,2605
1806,2794,9385
1807,6389,1207
1808,2945,903
1809,2167,2659
1810,1067,6609
1811,931,5149
1812,8951,1994
1813,4287,2612
1814,1280,1975
1815,3686,2725
1816,9042,1982
1817,8420,1971
1818,2493,9403
1819,9348,4912
1820,7986,5833
1821,128,3787
1822,6170,259
1823,5528,5606
1824,5430,5159
1825,5871,6002
1826,3089,6579
1827,2766,4761
1828,8130,6544
1829,5467,8120
1830,4366,5239
1831,9333,8951
1832,650,4964
1833,6630,7527
1834,9246,5318
1835,2267,3799
1836,5348,9071
1837,6352,7858
1838,5488,1935
1839,4164,6312
1840,7962,7159
1841,4476,4823
1842,6694,1804
1843,5524,6231
1844,1845,5659
1845,8799,1551
1846,7988,2355
1847,1919,2919
1848,5218,4867
1849,128,5467
1850,6016,9553
1851,9247,9416
1852,9745,708
1853,2633,3958
1854,9360,8863
1855,686,7986
1856,8272,5787
1857,9428,7991
1858,7950,5311
1859,6151,3273
1860,2163,2911
1861,7598,7421
1862,7703,7502
1863,2617,8584
1864,5375,6272
1865,5542,2419
1866,8663,7217
1867,8243,1432
1868,9738,5244
1869,7774,4619
1870,4158,7017
1871,9257,3256
1872,7469,6263
1873,3993,4389
1874,2493,417
1875,4349,7571
1876,9697,9263
1877,4635,3767
1878,7177,3916
1879,6038,7471
1880,1493,6304
1881,6412,4627
1882,8759,2601
1883,3996,906
1884,7925,2331
1885,9172,2710
1886,9838,2865
1887,8569,2557
1888,4644,4110
1889,5024,2213
1890,8183,7685
1891,4681,8794
1892,6707,753
1893,9035,4687
1894,9344,8370
1895,4506,1200
1896,9351,2101
1897,9493,8847
1898,2884,158
1899,7036,627
1900,422,2820
1901,95,2265
1902,3636,6042
1903,5330,2982
1904,3178,3286
1905,4541,2394
1906,8256,3551
1907,7119,5234
1908,7356,4776
1909,210,395
1910,3374,7555
1911,8105,9342
1912,665,532
1913,6134,7212
1914,8738,9251
1915,3801,3463
1916,9824,1757
1917,7491,2330
1918,7668,376
1919,7145,1478
1920,1634,3937
1921,2019,3003
1922,9501,4708
1923,420,9855
1924,6256,5175
1925,4180,6718
1926,3897,5492
1927,4776,4302
1928,2512,7633
1929,803,8701
1930,7061,4381
1931,7910,5145
1932,9256,1897
1933,516,6700
1934,8866,7664
1935,6353,8818
1936,1889,3508
1937,840,9657
1938,1616,4279
1939,3930,740
1940,1460,8772
1941,4228,5884
1942,755,3656
1943,9834,9891
1944,7728,6767
1945,5632,5526
1946,5905,7295
1947,7960,8718
1948,6114,3227
1949,661,2899
1950,2946,613
1951,5966,4398
1952,9962,3700
1953,3678,6105
1954,8078,7149
1955,1416,9526
1956,8316,2449
1957,1367,4745
1958,8994,2259
1959,7428,4098
1960,5276,1796
1961,5633,1659
1962,5178,1997
1963,1890,2474
1964,8784,6664
1965,3291,707
1966,9768,7724
1967,1284,2622
1968,2194,6307
1969,4890,4208
1970,5483,6393
1971,1423,8825
1972,6955,8851
1973,8065,9817
1974,2216,8714
1975,4936,4607
1976,7817,851
1977,3705,5200
1978,6373,700
1979,6104,9552
1980,8601,2804
1981,2794,8161
1982,6248,7336
1983,6184,6469
1984,5196,1270
1985,8063,7041
1986,8859,6031
1987,613,9520
1988,7942,6414
1989,2726,1648
1990,9819,7248
1991,2140,6750
1992,3834,3359
1993,7133,3961
1994,7028,6191
1995,4814,9269
1996,2751,3091
1997,6310,5215
1998,4438,9021
1999,5085,1832
2000,1965,1713
2001,563,464
2002,51,8532
2003,2685,1520
2004,5200,5302
2005,4729,2227
2006,4766,9353
2007,6035,4210
2008,611,5789
2009,7521,3003
2010,3084,4330
2011,4953,5517
2012,790,2393
2013,7426,419
2014,9862,5088
2015,663,794
2016,2585,2264
2017,1608,9441
2018,2069,2284
2019,4859,4380
2020,9678,9311
2021,3872,1845
2022,5364,2682
2023,1234,5808
2024,8122,7938
2025,3161,8088
2026,2450,4850
2027,9548,9595
2028,9283,8458
2029,4931,5119
2030,9484,5780
2031,7931,8384
2032,1347,9646
2033,5331,2136
2034,7462,3817
2035,8067,8681
2036,8659,9341
2037,365,4410
2038,291,3479
2039,9787,5851
2040,1056,7936
2041,1192,8390
2042,3624,1211
2043,2203,4708
2044,5578,6554
2045,461,9049
2046,6413,9997
2047,3244,5566
2048,8207,5737
2049,4664,7817
2050,2523,6353
2051,234,1867
2052,3924,5412
2053,997,6678
2054,4782,3811
2055,4708,696
2056,9884,508
2057,2195,6056
2058,3779,8887
2059,2618,8540
2060,526,4509
2061,1332,2373
2062,459,8896
2063,9806,6648
2064,5842,9244
2065,3034,7817
2066,2934,392
2067,8675,6598
2068,20,8488
2069,6795,7005
2070,5609,4226
2071,5617,6987
2072,1936,1242
2073,6334,6786
2074,8,8125
2075,8750,9254
2076,4931,2935
2077,4028,2757
2078,9211,1361
2079,5141,5633
2080,9280,8906
2081,8655,5963
2082,9725,9681
2083,8291,8973
2084,2456,6380
2085,2389,1539
2086,1815,7432
2087,9972,1511
2088,1520,5054
2089,173,8217
2090,5561,3230
2091,7306,5927
2092,2238,9627
2093,6520,2686
2094,369,8579
2095,2486,1453
2096,1948,3561
2097,5673,6530
2098,3954,2880
2099,4412,5748
2100,8579,7446
2101,9445,3581
2102,7758,4826
2103,6307,161
2104,1825,6076
2105,6931,5663
2106,8316,2000
2107,5346,9827
2108,6707,1727
2109,1245,8021
2110,2706,5210
2111,1444,3218
2112,3483,2779
2113,6157,7076
2114,5354,1546
2115,5908,4129
2116,7562,4024
2117,7344,1325
2118,2033,2156
2119,5057,3789
2120,5030,7144
2121,6342,4730
2122,7875,7783
2123,9403,8109
2124,9717,9349
2125,559,5037
2126,2880,7770
2127,7843,4210
2128,4768,7077
2129,703,3381
2130,6874,2866
2131,7535,6774
2132,8481,9895
2133,3466,6889
2134,7636,4385
2135,3971,5998
2136,6788,9893
2137,776,8700
2138,308,37
2139,1112,3898
2140,6969,5218
2141,1906,6826
2142,6417,5017
2143,1224,9554
2144,2032,3291
2145,8114,215
2146,8837,8716
2147,4303,4104
2148,8443,8424
2149,1399,1140
2150,27,6045
2151,171,1482
2152,7279,4457
2153,8270,6187
2154,8817,2945
2155,9421,5262
2156,3810,9418
2157,57,5600
2158,5351,2024
2159,4230,4517
2160,7358,8577
2161,7355,9631
2162,4286,9469
2163,5226,4522
2164,1516,253
2165,8074,8738
2166,5354,2676
2167,5167,9810
2168,3802,582
2169,8988,1930
2170,7584,5212
2171,1198,316
2172,4165,3665
2173,1769,4227
2174,1800,2493
2175,8561,1888
2176,7183,7819
2177,1151,4130
2178,3947,8712
2179,4355,7217
2180,409,619
2181,6936,3576
2182,4821,459
2183,5443,845
2184,8057,3890
2185,1413,3261
2186,1411,7932
2187,6528,4185
2188,4069,3531
2189,3862,2727
2190,2918,7579
2191,4845,9991
2192,4630,6829
2193,4815,9235
2194,8846,6242
2195,7678,9489
2196,3542,934
2197,7205,2664
2198,3808,5046
2199,585,5469
2200,6033,2607
2201,94,8777
2202,4080,3637
2203,7942,2904
2204,8679,1132
2205,7364,8721
2206,4359,1063
2207,9887,5181
2208,5240,8139
2209,9314,4598
2210,4317,6686
2211,8256,5581
2212,7574,6209
2213,7541,5832
2214,1599,4120
2215,647,2534
2216,694,9442
2217,7707,4560
2218,5210,2585
2219,9748,1887
2220,7534,1048
2221,5079,5412
2222,4301,6580
2223,538,8759
2224,2760,8936
2225,5898,5327
2226,715,5329
2227,9788,986
2228,9917,5938
2229,8379,6571
2230,7750,3621
2231,1040,7486
2232,2683,4879
2233,1376,9784
2234,1237,9183
2235,3999,511
2236,5183,4131
2237,2514,4467
2238,4094,6598
2239,6834,3641
2240,3179,2410
2241,6861,82
2242,2812,7806
2243,2198,140
2244,7521,9868
2245,5964,3284
2246,6233,5122
2247,5721,9079
2248,7477,1018
2249,9665,9988
2250,5028,8456
2251,202,3855
2252,62,9136
2253,1290,3732
2254,6765,7922
2255,4460,6518
2256,324,9603
2257,1517,3988
2258,5907,5241
2259,115,3110
2260,6579,2642
2261,7884,5338
2262,940,8498
2263,3444,4005
2264,8791,7783
2265,8417,2312
2266,5837,9018
2267,9913,7969
2268,8606,6581
2269,2259,2539
2270,7677,3659
2271,939,6003
2272,4424,9017
2273,9118,5479
2274,8854,5015
2275,8901,3917
2276,6762,3466
2277,1119,6670
2278,4244,4937
2279,4071,2445
2280,8438,2378
2281,5381,5832
2282,9779,2441
2283,480,6762
2284,8691,1492
2285,5697,2794
2286,8340,1590
2287,7635,5443
2288,2235,3198
2289,6182,9857
2290,4616,8731
2291,4402,2437
2292,5415,854
2293,3353,5285
2294,6099,7132
2295,8757,8819
2296,9605,1111
2297,1921,9256
2298,7946,9112
2299,8132,2429
2300,6418,4739
2301,1207,3078
2302,3429,8998
2303,5480,8076
2304,7296,375
2305,2503,6773
2306,5037,9594
2307,1182,9697
2308,5345,3356
2309,7869,2884
2310,3502,1438
2311,2211,6987
2312,6713,5409
2313,9865,3597
2314,2214,7803
2315,8584,3024
2316,335,8660
2317,5515,9460
2318,9075,3088
2319,5439,368
2320,940,3896
2321,8886,7127
2322,1385,1447
2323,2715,9462
2324,3513,1838
2325,2528,5901
2326,6713,9236
2327,3300,3480
2328,9509,5614
2329,8144,4217
2330,1515,6183
2331,4160,9796
2332,77,8572
2333,7391,9319
2334,8020,1382
2335,4715,7011
2336,9778,8597
2337,7207,1195
2338,864,8982
2339,4543,1448
2340,6022,6673
2341,4086,342
2342,6905,6481
2343,8540,4239
2344,8334,2608
2345,1868,2322
2346,5805,1519
2347,2897,4512
2348,4080,335
2349,1288,3651
2350,2379,3247
2351,3104,3035
2352,3942,8626
2353,8542,7925
2354,6198,3388
2355,9373,4474
2356,8602,1081
2357,6723,2482
2358,5984,7050
2359,9471,5732
2360,919,1821
2361,7535,6635
2362,8608,439
2363,637,6534
2364,9134,4865
2365,8921,5212
2366,3276,2333
2367,7666,3913
2368,8973,5715
2369,6334,1002
2370,6591,9980
2371,682,9361
2372,8793,8554
2373,6731,2550
2374,5011,6162
2375,3858,2282
2376,3877,9527
2377,7981,9240
2378,8200,6180
2379,2411,4347
2380,4408,9398
2381,9816,9606
2382,9035,5428
2383,5910,5636
2384,6827,9979
2385,1276,5133
2386,1887,1274
2387,24,8113
2388,936,3607
2389,6001,2388
2390,3159,1117
2391,6184,614
2392,7740,9763
2393,7932,4190
2394,3721,6649
2395,316,9682
2396,8148,6769
2397,6839,4917
2398,1996,6952
2399,9055,3582
2400,6755,8336
2401,3116,865
2402,9738,9339
2403,9197,6621
2404,5546,1206
2405,8026,7985
2406,542,5760
2407,8325,7771
2408,7375,4485
2409,5758,5807
2410,871,5515
2411,6230,4192
2412,9910,6856
2413,6235,7118
2414,2131,8910
2415,2866,3244
2416,9898,6389
2417,402,7052
2418,7044,7235
2419,3405,826
2420,2452,5866
2421,4458,6802
2422,7134,8734
2423,5869,6255
2424,3378,561
2425,2201,9761
2426,5238,7757
2427,76,8729
2428,8977,5086
2429,9944,6724
2430,4692,8249
2431,2209,6114
2432,99,4285
2433,7282,7122
2434,2513,6085
2435,2922,8156
2436,7370,1190
2437,7012,1850
2438,6489,9931
2439,7445,771
2440,8842,1083
2441,7871,4646
2442,1562,8116
2443,3858,6112
2444,1978,2294
2445,7825,155
2446,2899,4270
2447,6834,4579
2448,5731,1453
2449,7295,4885
2450,2549,293
2451,4826,8902
2452,2239,6512
2453,5342,4221
2454,9077,6140
2455,2272,2206
2456,3323,7975
2457,8788,4708
2458,631,4131
2459,3964,6506
2460,8565,3286
2461,7707,1655
2462,9124,6144
2463,5464,356
2464,3149,9082
2465,2334,6042
2466,7444,9336
2467,512,5581
2468,1832,1130
2469,6602,4127
2470,7844,3125
2471,7203,4962
2472,5960,7032
2473,3406,1054
2474,353,1134
2475,1935,1691
2476,3460,6992
2477,1562,1676
2478,8411,484
2479,8280,856
2480,6694,7702
2481,5075,3686
2482,8067,5937
2483,7873,340
2484,8456,2825
2485,6397,7684
2486,556,7848
2487,7392,6116
2488,5797,6276
2489,8479,9544
2490,1629,890
2491,1742,9238
2492,6702,6969
2493,9634,4750
2494,6972,3613
2495,9604,980
2496,4786,7110
2497,3746,5852
2498,2980,6100
2499,8191,5888
2500,1299,1521
2501,4251,3153
2502,7072,2540
2503,5517,4295
2504,8424,8365
2505,5612,8119
2506,3933,5834
2507,9997,7472
2508,6469,9845
2509,2455,6786
2510,8299,2943
2511,6274,140
2512,8916,5038
2513,1310,8016
2514,4988,8486
2515,7008,3525
2516,8335,6967
2517,3159,1032
2518,2579,7010
2519,4749,9425
2520,4402,1865
2521,3001,7149
2522,2998,2498
2523,9153,6557
2524,5645,2472
2525,1756,1722
2526,6140,1167
2527,678,9172
2528,2512,4514
2529,8877,5878
2530,4591,3626
2531,9576,7399
2532,157,3452
2533,3543,1855
2534,2123,3888
2535,1909,5027
2536,9562,9274
2537,9610,3696
2538,7132,6759
2539,4445,3200
2540,5563,1366
2541,1975,1260
2542,6980,3328
2543,7714,1663
2544,4331,6325
2545,4337,2962
2546,3810,4373
2547,2041,3161
2548,7332,8679
2549,589,5129
2550,8251,2922
2551,1799,324
2552,593,261
2553,6434,1619
2554,2244,7453
2555,6533,5134
2556,9699,3683
2557,6058,3947
2558,2901,1175
2559,3724,4225
2560,1849,2061
2561,5230,4040
2562,2199,5370
2563,8297,1088
2564,8597,3995
2565,6686,6794
2566,6438,6306
2567,7129,9606
2568,3454,847
2569,1958,7354
2570,7136,4519
2571,718,6379
2572,4680,7779
2573,3753,987
2574,5844,9447
2575,2855,2944
2576,8237,3069
2577,6026,3373
2578,1604,9037
2579,3371,3471
2580,5543,2556
2581,7373,2422
2582,2690,6863
2583,5023,4926
2584,6258,362
2585,5642,5193
2586,4806,6457
2587,9962,1466
2588,3006,5177
2589,1498,9649
2590,3189,2276
2591,3768,4302
2592,9339,9992
2593,6791,7828
2594,4859,3411
2595,5188,9307
2596,1660,6157
2597,6976,6225
2598,4322,8050
2599,4651,8767
2600,2964,8139
2601,5602,8228
2602,4136,423
2603,8143,448
2604,5787,491
2605,5599,3263
2606,957,5987
2607,2706,1344
2608,2344,7411
2609,3579,3056
2610,6753,3791
2611,6518,2312
2612,5976,8916
2613,2089,3104
2614,8458,1425
2615,5923,8398
2616,9910,7845
2617,4322,6095
2618,5580,2582
2619,7105,7329
2620,16,8971
2621,4317,715
2622,9406,5655
2623,4201,1609
2624,5528,4467
2625,328,2663
2626,7307,8006
2627,7191,2586
2628,7552,4339
2629,4061,22
2630,878,8640
2631,8474,9951
2632,2204,5326
2633,1261,7439
2634,8308,8394
2635,3938,2112
2636,5747,2015
2637,2424,759
2638,3421,773
2639,3681,5710
2640,8622,8698
2641,5874,429
2642,8123,8187
2643,1898,2548
2644,7255,7360
2645,7440,6902
2646,6354,7233
2647,2533,5253
2648,139,4905
2649,3496,5527
2650,406,2213
2651,5720,7090
2652,2392,6777
2653,8180,3001
2654,8943,1152
2655,3118,1331
2656,3439,5997
2657,9087,8356
2658,119,3587
2659,3668,1930
2660,9458,2461
2661,1877,5910
2662,9210,1915
2663,3734,5685
2664,8278,7305
2665,1495,4123
2666,1348,478
2667,7174,1339
2668,4098,3614
2669,4677,4644
2670,662,9100
2671,5877,3403
2672,4174,944
2673,4385,4945
2674,6210,6945
2675,7528,1634
2676,7365,415
2677,9186,6602
2678,6314,5039
2679,6291,8659
2680,9986,9940
2681,1038,7327
2682,4004,4198
2683,9441,4046
2684,2246,9522
2685,2654,5789
2686,2808,9950
2687,4473,3227
2688,672,551
2689,4573,5641
2690,4431,6617
2691,7130,2046
2692,147,3002
2693,6553,2164
2694,2182,4467
2695,9040,3010
2696,5571,6668
2697,3920,3319
2698,680,3283
2699,9067,9568
2700,5383,5753
2701,4036,374
2702,503,8169
2703,3199,8359
2704,7848,278
2705,7703,3631
2706,6020,8608
2707,4270,4819
2708,5472,6210
2709,5855,9769
2710,34,6027
2711,9023,1607
2712,4924,4646
2713,2098,1255
2714,3286,5449
2715,4458,500
2716,8042,7783
2717,5179,5797
2718,8681,6162
2719,9881,1442
2720,2411,6977
2721,7475,5399
2722,276,7881
2723,4073,868
2724,1137,4251
2725,1704,8366
2726,5090,8762
2727,7958,38
2728,1074,5239
2729,5208,2884
2730,1057,2619
2731,4306,8832
2732,5107,2160
2733,7190,8988
2734,6976,1484
2735,9805,4401
2736,5052,587
2737,6980,8517
2738,6274,648
2739,3070,8310
2740,7498,5704
2741,4903,1398
2742,6394,324
2743,1640,8050
2744,9992,8241
2745,1398,3665
2746,9821,6381
2747,1717,6869
2748,7892,7591
2749,4075,4817
2750,4066,5803
2751,9711,6984
2752,752,7226
2753,3967,1485
2754,5828,8514
2755,1185,1901
2756,894,5759
2757,865,5333
2758,1950,8797
2759,474,4368
2760,7794,2057
2761,720,497
2762,3293,5395
2763,1273,8138
2764,244,9266
2765,5244,7431
2766,4338,3220
2767,5713,2426
2768,5371,4672
2769,9576,8516
2770,9645,9131
2771,5670,2540
2772,1522,4483
2773,2490,7455
2774,5906,8187
2775,8350,6836
2776,8662,835
2777,5481,4362
2778,8615,5634
2779,7185,753
2780,4581,4579
2781,2334,1906
2782,3059,5739
2783,5897,300
2784,7776,6547
2785,3059,2716
2786,7569,5061
2787,706,1928
2788,5817,1879
2789,9078,3240
2790,6346,4111
2791,6298,657
2792,5557,8498
2793,7622,1456
2794,3102,8798
2795,6146,3471
2796,3371,4928
2797,9316,8967
2798,235,5394
2799,474,2834
2800,19,6181
2801,3619,6923
2802,6483,2807
2803,5432,7157
2804,6120,1808
2805,5929,2052
2806,7019,6687
2807,1777,6428
2808,1798,2316
2809,5883,1813
2810,5110,7338
2811,3166,8807
2812,5147,1611
2813,8804,4600
2814,5789,3535
2815,5673,5583
2816,5753,7291
2817,7422,4820
2818,8649,9090
2819,8460,4230
2820,3906,5395
2821,3622,7832
2822,3191,9150
2823,8152,3561
2824,2586,788
2825,7164,7502
2826,2595,2122
2827,7643,6943
2828,7705,7801
2829,9888,8971
2830,3309,3110
2831,7896,5352
2832,7638,8937
2833,7942,1467
2834,5942,4604
2835,1763,3280
2836,1244,6946
2837,2578,8231
2838,627,17
2839,4402,7963
2840,1992,8365
2841,6860,64
2842,8489,3059
2843,4044,8584
2844,5032,1919
2845,2045,8466
2846,654,3642
2847,3501,6929
2848,4749,4579
2849,672,2356
2850,3582,5016
2851,4688,9063
2852,3929,8418
2853,1889,4021
2854,7747,8155
2855,8659,2535
2856,6242,8829
2857,5153,8334
2858,4588,6952
2859,5654,1321
2860,7645,7887
2861,9759,1635
2862,8182,7199
2863,1547,9773
2864,1811,6237
2865,4815,6339
2866,9765,9435
2867,5463,9502
2868,142,39
2869,8711,6134
2870,7260,3409
2871,6447,5441
2872,6108,8454
2873,7677,236
2874,1440,77
2875,3884,3988
2876,6779,8686
2877,6858,8258
2878,184,10
2879,3927,9057
2880,9243,5579
2881,2857,4381
2882,4783,5192
2883,2957,1402
2884,6319,8661
2885,6647,7566
2886,8272,5413
2887,7339,7548
2888,1963,1357
2889,517,4830
2890,7689,9879
2891,8754,6414
2892,4694,5023
2893,9681,9473
2894,2184,1294
2895,356,8416
2896,5033,5520
2897,896,4069
2898,3344,1972
2899,3092,8670
2900,9359,7552
2901,7399,1025
2902,8821,2558
2903,8202,1421
2904,626,982
2905,268,6568
2906,1643,1385
2907,5884,8938
2908,2356,8120
2909,4553,9285
2910,9562,5039
2911,742,8000
2912,9315,2402
2913,4969,2654
2914,9084,7666
2915,6466,9600
2916,2402,395
2917,1273,6852
2918,8749,8317
2919,1088,4759
2920,2182,246
2921,8552,5214
2922,2426,9912
2923,3711,957
2924,5238,6668
2925,4086,3603
2926,274,8994
2927,6881,2338
2928,6170,1380
2929,3544,9374
2930,8631,9926
2931,6027,8418
2932,2477,3084
2933,7442,4105
2934,5837,313
2935,5137,5519
2936,3179,2158
2937,4299,4325
2938,2410,4023
2939,1806,2891
2940,5443,8974
2941,9548,8637
2942,7956,7547
2943,8010,2701
2944,5445,1449
2945,7072,6425
2946,8805,4037
2947,8785,5896
2948,3476,661
2949,357,9094
2950,4170,4979
2951,9346,8649
2952,7908,8421
2953,2250,9168
2954,3695,315
2955,2125,6231
2956,3820,9156
2957,1246,6025
2958,9124,5468
2959,148,5619
2960,3541,7462
2961,8999,9217
2962,9723,4594
2963,9354,6119
2964,8298,5580
2965,3080,2478
2966,3734,1441
2967,7590,41
2968,9718,9310
2969,3000,2131
2970,3293,9143
2971,7712,3494
2972,3816,3920
2973,1330,5546
2974,7110,9068
2975,9299,9417
2976,6113,2591
2977,4767,3403
2978,7387,2690
2979,8329,4067
2980,6323,2995
2981,8653,7589
2982,2391,9926
2983,7346,338
2984,1348,5997
2985,8187,2162
2986,2232,7839
2987,2572,5180
2988,857,5416
2989,4474,1733
2990,5630,1036
2991,3035,7042
2992,2443,2249
2993,1469,8476
2994,1242,1368
2995,866,3952
2996,9108,5615
2997,7449,3551
2998,16,6679
2999,408,6649
3000,7058,7941
3001,6405,8993
3002,7957,5688
3003,3460,8525
3004,2515,6302
3005,4763,2668
3006,2608,2
3007,8641,3252
3008,775,4934
3009,7253,4487
3010,1340,233
3011,9978,4593
3012,9649,6405
3013,9856,6097
3014,2180,6247
3015,8510,6129
3016,9317,4476
3017,4267,1396
3018,8886,6389
3019,9197,5148
3020,1387,887
3021,456,3620
3022,5520,945
3023,5992,8912
3024,7226,1835
3025,6778,8176
3026,9398,1159
3027,964,3915
3028,7981,839
3029,3173,8589
3030,7897,2027
3031,2567,3823
3032,9041,7812
3033,6305,4816
3034,4848,3226
3035,2969,4013
3036,3460,4151
3037,1175,978
3038,643,5854
3039,7940,9789
3040,7399,4171
3041,1025,7499
3042,8650,4793
3043,5972,9537
3044,3181,7146
3045,2782,1561
3046,2306,5942
3047,4120,2247
3048,6745,6595
3049,139,1959
3050,7095,780
3051,142,2470
3052,7315,226
3053,7690,9257
3054,8283,5244
3055,7194,3261
3056,5235,6588
3057,5038,9340
3058,7597,4624
3059,5231,3768
3060,1572,5026
3061,8589,7176
3062,8018,7324
3063,5939,1709
3064,8194,4523
3065,6716,6543
3066,2304,2047
3067,4591,7065
3068,9628,1596
3069,1302,173
3070,4749,736
3071,5293,8581
3072,1858,9233
3073,8949,6439
3074,1604,3746
3075,8408,7652
3076,6871,3298
3077,215,3022
3078,1407,7410
3079,9294,8724
3080,4607,7761
3081,4057,7291
3082,9805,4934
3083,9729,682
3084,5282,5048
3085,2175,6674
3086,9357,2269
3087,4433,9784
3088,711,4941
3089,7066,337
3090,2977,4467
3091,2515,9289
3092,9241,3456
3093,7455,2591
3094,9308,1963
3095,1325,9633
3096,69,9177
3097,662,9551
3098,100,2277
3099,8743,9454
3100,4601,3756
3101,2792,796
3102,8992,7191
3103,1386,3771
3104,3639,6054
3105,6592,701
3106,9721,7078
3107,1012,1210
3108,7231,127
3109,7723,1568
3110,1613,5868
3111,8130,4199
3112,8904,4071
3113,535,9871
3114,1063,2048
3115,5189,5049
3116,727,698
3117,8487,7424
3118,7832,339
3119,1565,6578
3120,9605,5390
3121,2524,4318
3122,6545,543
3123,6624,6620
3124,380,9330
3125,4173,9859
3126,2518,5160
3127,7155,2651
3128,6730,7327
3129,2464,4672
3130,8267,3100
3131,7263,7679
3132,1277,9032
3133,7678,9168
3134,986,7876
3135,3293,2112
3136,3413,507
3137,418,7898
3138,1707,3283
3139,9002,98
3140,2005,8238
3141,6218,254
3142,8474,5363
3143,1507,1633
3144,8658,1109
3145,6324,2693
3146,8405,3677
3147,5129,9891
3148,5697,3928
3149,8242,7026
3150,6811,1183
3151,4110,7195
3152,2605,9407
3153,8982,277
3154,9773,7637
3155,1638,5409
3156,6302,2728
3157,7206,6596
3158,7503,7266
3159,7351,3724
3160,1154,5868
3161,936,4241
3162,2232,3701
3163,168,2970
3164,4183,9471
3165,6294,3225
3166,3261,855
3167,933,7300
3168,7870,2239
3169,9595,6801
3170,201,2665
3171,3497,3181
3172,1978,6306
3173,5300,6697
3174,7224,6424
3175,401,7633
3176,238,6362
3177,6240,4346
3178,743,3483
3179,8095,8584
3180,7570,9730
3181,2992,7961
3182,8342,4401
3183,2117,8610
3184,4478,3503
3185,4711,3123
3186,1029,9684
3187,2725,9337
3188,1149,7905
3189,2474,3825
3190,7641,3626
3191,2791,7492
3192,5115,5569
3193,7024,3523
3194,9800,7952
3195,4131,2224
3196,5415,8531
3197,7394,7382
3198,7288,6751
3199,802,8871
3200,3569,5779
3201,2364,4688
3202,8260,7898
3203,496,9754
3204,2876,2809
3205,6698,2112
3206,2774,9083
3207,1869,9992
3208,8125,2679
3209,27,1504
3210,8109,4618
3211,9207,9063
3212,4905,5303
3213,865,7349
3214,3849,6360
3215,160,3751
3216,5275,5727
3217,7679,4811
3218,1289,1133
3219,3278,9316
3220,203,3262
3221,1305,7707
3222,691,5823
3223,7349,626
3224,1895,2622
3225,8006,4118
3226,5420,8941
3227,6463,7137
3228,7021,8674
3229,2129,3848
3230,187,8573
3231,1556,7416
3232,8190,1606
3233,8723,3864
3234,2282,6307
3235,3473,4491
3236,3597,3284
3237,6730,9380
3238,4148,5867
3239,1477,7894
3240,5646,1563
3241,4597,5831
3242,4072,5180
3243,7839,2001
3244,823,3303
3245,3990,1893
3246,8996,1892
3247,3921,1292
3248,8785,4958
3249,6526,5291
3250,6042,288
3251,255,3010
3252,4375,3983
3253,5651,1233
3254,573,5603
3255,2944,7431
3256,8693,7458
3257,9660,857
3258,5348,6427
3259,3659,2364
3260,521,4604
3261,2339,6607
3262,1526,6097
3263,5915,8951
3264,806,3674
3265,8626,1784
3266,6668,8615
3267,5116,3421
3268,8044,2130
3269,630,2965
3270,1715,1241
3271,171,5866
3272,2976,1159
3273,1775,2751
3274,6,5646
3275,2440,837
3276,6090,340
3277,3309,906
3278,535,8663
3279,247,9999
3280,4625,4765
3281,5028,9108
3282,8230,6140
3283,9498,8098
3284,1280,4771
3285,4216,1428
3286,8168,1587
3287,8344,1075
3288,9269,7182
3289,6753,5149
3290,6433,6842
3291,5321,129
3292,1116,7282
3293,8120,2666
3294,6442,9402
3295,776,9254
3296,4823,4060
3297,8376,2097
3298,3163,5876
3299,3503,1651
3300,3417,3444
3301,8717,2450
3302,737,3717
3303,4877,4869
3304,5109,1371
3305,5063,4775
3306,8393,3459
3307,1795,1780
3308,3379,2044
3309,6072,9427
3310,5698,4335
3311,5426,3056
3312,8524,9932
3313,8545,885
3314,2927,8946
3315,3838,3620
3316,1560,8907
3317,9497,4756
3318,2210,4082
3319,2397,6549
3320,71,5394
3321,6213,993
3322,3106,7036
3323,4520,210
3324,9028,9796
3325,9824,6106
3326,1429,4137
3327,4585,1810
3328,5619,5967
3329,7812,3891
3330,2742,4507
3331,5675,3867
3332,2932,4650
3333,9711,636
3334,7727,8878
3335,8141,4423
3336,3564,966
3337,159,5744
3338,9856,5801
3339,846,254
3340,6771,7039
3341,6934,1313
3342,6278,5468
3343,8962,6944
3344,6224,8490
3345,6662,3743
3346,8452,3474
3347,8347,474
3348,9887,7270
3349,5732,6016
3350,9213,9022
3351,1008,7246
3352,2811,4557
3353,1209,6502
3354,5287,1631
3355,7193,6365
3356,9187,4145
3357,9212,3854
3358,1177,5933
3359,2928,4926
3360,5304,8433
3361,4888,909
3362,2189,459
3363,3873,7525
3364,1341,99
3365,2380,2547
3366,286,613
3367,8666,5519
3368,7941,3577
3369,8950,7737
3370,5578,8833
3371,955,834
3372,6889,1950
3373,8214,6884
3374,5377,5567
3375,23,2175
3376,1951,2776
3377,6865,3905
3378,8277,5867
3379,4865,1873
3380,8643,6517
3381,7771,169
3382,6999,2839
3383,9487,5277
3384,7953,6703
3385,9787,9036
3386,2607,4003
3387,1626,850
3388,7096,2586
3389,3274,9671
3390,5236,7495
3391,3131,1496
3392,296,4675
3393,4804,1680
3394,3344,7957
3395,8095,594
3396,2308,8288
3397,6212,758
3398,3517,1369
3399,7364,4574
3400,3105,2980
3401,9148,1731
3402,6985,7706
3403,5785,1873
3404,2228,5433
3405,5530,6892
3406,4133,4040
3407,5745,3053
3408,1432,581
3409,9956,9053
3410,4914,6958
3411,9072,8380
3412,5221,7224
3413,6253,3998
3414,4690,943
3415,6764,7988
3416,6281,6810
3417,3484,1250
3418,7789,4522
3419,1436,5378
3420,5747,2591
3421,4508,8229
3422,9384,5783
3423,5324,6049
3424,8850,6868
3425,8982,4203
3426,6911,8201
3427,8759,6562
3428,9274,4577
3429,5704,3526
3430,8044,7099
3431,3371,5459
3432,9854,4566
3433,3761,8094
3434,1869,325
3435,2440,2794
3436,8822,1359
3437,6226,1991
3438,4881,5127
3439,9505,6585
3440,299,5330
3441,8254,5696
3442,939,954
3443,1304,185
3444,8470,1998
3445,5594,1520
3446,5357,755
3447,3205,1040
3448,5156,2492
3449,1437,7113
3450,9038,7937
3451,3232,9341
3452,6148,1775
3453,9264,1735
3454,9652,7276
3455,9810,4584
3456,454,9957
3457,6975,6960
3458,6234,8982
3459,8376,4949
3460,8301,2933
3461,2854,1938
3462,3659,7451
3463,6383,6095
3464,8398,2448
3465,9717,9
3466,4948,2834
3467,1880,7711
3468,7982,7377
3469,1420,3128
3470,8757,443
3471,7397,7715
3472,824,7167
3473,6478,9357
3474,8224,5040
3475,7338,1257
3476,1460,40
3477,4642,4767
3478,5000,8374
3479,3004,404
3480,5552,2854
3481,3517,7073
3482,8899,3451
3483,597,7059
3484,9579,6571
3485,2552,8542
3486,1736,5095
3487,4413,7086
3488,7892,21
3489,9152,7308
3490,9281,8861
3491,7794,8138
3492,2655,476
3493,576,6219
3494,3754,8888
3495,2737,546
3496,9087,9105
3497,9288,2149
3498,8527,8848
3499,7418,5485
3500,2253,6271
3501,4377,3645
3502,4337,5268
3503,1983,9117
3504,3903,2252
3505,8134,7410
3506,3617,5424
3507,1028,8859
3508,1521,7078
3509,6485,2779
3510,6211,9782
3511,3824,4430
3512,9199,1895
3513,3563,2249
3514,4828,4742
3515,7099,7827
3516,4536,4386
3517,1859,7130
3518,2388,1623
3519,8269,3
3520,5756,854
3521,3943,6082
3522,2485,2253
3523,3349,1826
3524,8287,1992
3525,4309,7409
3526,8905,5891
3527,4975,8379
3528,7715,9722
3529,8650,1330
3530,9471,9472
3531,6828,5175
3532,3217,6344
3533,730,3383
3534,4358,5620
3535,3293,1893
3536,3968,5672
3537,7270,6496
3538,9055,7817
3539,8680,9520
3540,8476,3511
3541,9043,8803
3542,8031,276
3543,4657,4142
3544,8384,7296
3545,3401,5074
3546,8922,4691
3547,8450,9581
3548,7163,6805
3549,3777,8298
3550,7001,8270
3551,7347,2470
3552,6095,9557
3553,6950,6864
3554,2660,839
3555,8577,972
3556,8476,759
3557,8068,5491
3558,1368,2124
3559,699,5755
3560,3481,1899
3561,6540,2543
3562,3442,9761
3563,4559,619
3564,8331,957
3565,557,1670
3566,6994,7177
3567,753,4491
3568,1036,8915
3569,7628,6246
3570,8121,7068
3571,9861,7672
3572,7445,3468
3573,349,2055
3574,5898,5615
3575,6351,6198
3576,3971,1056
3577,598,4364
3578,3964,5345
3579,3818,6179
3580,6373,8164
3581,2354,6383
3582,5525,1801
3583,5469,9672
3584,6043,5893
3585,3660,646
3586,6320,5067
3587,5895,9369
3588,9256,3129
3589,6127,7490
3590,6840,4402
3591,6659,4850
3592,6113,867
3593,173,8605
3594,7354,2453
3595,2020,8649
3596,6908,8030
3597,9492,5945
3598,6294,659
3599,602,6993
3600,1905,7310
3601,2585,6757
3602,5278,1352
3603,5483,5202
3604,4316,2068
3605,145,265
3606,9814,1512
3607,3995,2163
3608,9736,9288
3609,9843,4134
3610,5922,7169
3611,9683,1939
3612,2453,9631
3613,4839,8808
3614,5530,8635
3615,3549,7241
3616,6242,9700
3617,9433,2342
3618,7064,9144
3619,9189,2824
3620,467,240
3621,886,942
3622,6183,4870
3623,4841,6767
3624,9307,1027
3625,188,8955
3626,9078,5305
3627,7962,915
3628,6067,7754
3629,3438,3873
3630,5283,7044
3631,7753,2788
3632,8625,265
3633,1534,1436
3634,3312,2687
3635,8554,159
3636,9425,5360
3637,513,7846
3638,4225,8367
3639,1155,3432
3640,8559,88
3641,3342,8736
3642,7227,6370
3643,7565,6285
3644,4010,5957
3645,910,886
3646,8054,1106
3647,4194,88
3648,4755,1123
3649,7693,7261
3650,2124,8015
3651,5565,1499
3652,6651,762
3653,8135,6646
3654,5367,3015
3655,3916,899
3656,6024,5691
3657,2987,5722
3658,3478,2064
3659,3297,9318
3660,3951,5682
3661,4331,6493
3662,6328,1113
3663,7740,103
3664,571,9588
3665,2586,3469
3666,1678,5646
3667,4082,3535
3668,4036,4816
3669,1996,4865
3670,717,3523
3671,2201,6787
3672,7769,3264
3673,4024,7964
3674,154,3142
3675,9705,8226
3676,9350,438
3677,9305,6249
3678,5323,6414
3679,1819,8630
3680,8254,6209
3681,8088,6750
3682,6172,8768
3683,8813,320
3684,3457,4439
3685,7699,9371
3686,3607,614
3687,1612,7901
3688,1046,442
3689,6553,5162
3690,9482,9864
3691,3305,6149
3692,2098,6853
3693,9387,9454
3694,661,389
3695,3236,88
3696,2031,7902
3697,7132,5077
3698,2121,7000
3699,2595,3441
3700,3014,4627
3701,6178,4200
3702,665,4181
3703,4715,1141
3704,676,5567
3705,8706,4008
3706,6508,5402
3707,7669,5522
3708,2408,9027
3709,1703,2656
3710,9240,1889
3711,970,8498
3712,7763,5311
3713,8266,8247
3714,8744,250
3715,9335,9495
3716,486,3960
3717,523,540
3718,1479,1107
3719,1642,3582
3720,6215,5649
3721,966,2842
3722,6050,1073
3723,1570,2158
3724,5883,708
3725,447,2451
3726,9626,7670
3727,8642,5576
3728,4221,2440
3729,4374,5815
3730,1551,8955
3731,9982,9126
3732,4069,9786
3733,3507,7868
3734,5157,9588
3735,4587,5869
3736,3746,2245
3737,5819,276
3738,9186,2513
3739,803,6525
3740,5136,8876
3741,8343,1420
3742,8221,345
3743,959,8589
3744,4370,5100
3745,6692,41
3746,3520,3598
3747,5786,2289
3748,1273,5725
3749,3837,4538
3750,2647,8941
3751,1540,998
3752,2105,6111
3753,6995,4203
3754,7423,7933
3755,9420,1218
3756,7771,8799
3757,5989,5118
3758,9671,3677
3759,4772,3702
3760,229,1633
3761,6759,2705
3762,433,3319
3763,3777,5213
3764,9555,4261
3765,1343,1420
3766,7713,8609
3767,6600,7484
3768,5489,2212
3769,402,4642
3770,6396,8953
3771,1122,4690
3772,7023,2385
3773,6443,2333
3774,1162,9878
3775,472,7191
3776,443,1498
3777,8004,451
3778,2981,1915
3779,6822,878
3780,3369,3541
3781,2779,9445
3782,1095,6309
3783,7772,6980
3784,2382,9990
3785,190,4268
3786,4559,1753
3787,2632,8464
3788,5120,2469
3789,1358,2749
3790,2716,473
3791,8924,9315
3792,615,4378
3793,2687,4948
3794,9248,1166
3795,5774,6599
3796,1999,83
3797,9142,1145
3798,4141,908
3799,402,8034
3800,6275,4121
3801,6361,3727
3802,7739,4451
3803,2770,4129
3804,6595,4049
3805,6818,3154
3806,4208,7401
3807,5926,5375
3808,9870,8918
3809,8476,2518
3810,3158,3442
3811,924,6893
3812,1096,2161
3813,4676,2460
3814,1976,1611
3815,1744,4297
3816,6357,3923
3817,4953,31
3818,9508,3848
3819,8100,8537
3820,667,6039
3821,9899,6720
3822,7434,4987
3823,2329,8351
3824,6532,6563
3825,9311,1295
3826,2346,7870
3827,3652,9924
3828,5961,4517
3829,1849,8531
3830,730,8228
3831,6569,1710
3832,6343,8903
3833,6927,1630
3834,4846,8542
3835,499,2300
3836,5469,1741
3837,8589,6236
3838,5725,1202
3839,5194,5078
3840,3804,5027
3841,6971,3250
3842,4706,355
3843,906,3695
3844,1093,8209
3845,6136,704
3846,9720,5182
3847,9442,7301
3848,1518,9193
3849,5042,1041
3850,7725,1144
3851,2370,141
3852,7565,8069
3853,2299,3928
3854,2383,6146
3855,7451,2249
3856,1738,7691
3857,581,2931
3858,9889,6359
3859,7299,9475
3860,4449,4618
3861,4198,1993
3862,9574,5514
3863,4398,3313
3864,1085,6716
3865,7797,5085
3866,4692,9819
3867,3653,2785
3868,7086,6196
3869,4922,5370
3870,9363,4416
3871,7650,1483
3872,4612,2751
3873,337,5542
3874,3947,1054
3875,7329,5908
3876,9600,8244
3877,7271,6577
3878,3417,7823
3879,7505,6727
3880,1561,1366
3881,7579,7269
3882,3321,4346
3883,1072,7867
3884,2629,14
3885,366,4437
3886,3709,4688
3887,9970,3154
3888,8363,4643
3889,6467,2671
3890,9876,9514
3891,6859,357
3892,9895,819
3893,4175,8572
3894,7651,4958
3895,8847,9386
3896,7238,361
3897,4009,4957
3898,2063,2313
3899,3768,7104
3900,8117,599
3901,9562,4237
3902,7201,7652
3903,8912,223
3904,4261,507
3905,1598,1955
3906,352,6193
3907,8482,9051
3908,1594,2459
3909,1553,6734
3910,393,5645
3911,9149,2704
3912,4391,2874
3913,4435,5161
3914,1450,1725
3915,8336,9524
3916,9555,3907
3917,5492,5446
3918,7266,3058
3919,8847,4617
3920,2630,1882
3921,6471,613
3922,8259,1591
3923,3452,5402
3924,8748,8720
3925,899,4780
3926,4912,1647
3927,8398,3914
3928,9040,7709
3929,3964,5933
3930,1982,4682
3931,381,5674
3932,8082,5
3933,8862,485
3934,6518,6046
3935,6355,2530
3936,7393,3206
3937,1762,6696
3938,8465,3743
3939,9260,2661
3940,1777,1862
3941,9159,1160
3942,4362,2185
3943,2070,6783
3944,3734,838
3945,890,7325
3946,7136,994
3947,8049,5191
3948,7638,7299
3949,9789,7116
3950,9088,3403
3951,6480,511
3952,2443,7169
3953,5139,3266
3954,5502,3261
3955,5526,1921
3956,8734,4496
3957,5313,120
3958,7885,3086
3959,5577,4929
3960,6253,9641
3961,3535,8894
3962,2114,3003
3963,9506,2383
3964,4341,2752
3965,261,6001
3966,9236,3709
3967,2843,1428
3968,6119,2545
3969,9838,6631
3970,9918,2246
3971,8383,5393
3972,1895,4612
3973,6759,8430
3974,8939,7779
3975,1724,5829
3976,6264,6874
3977,3312,8531
3978,6777,5737
3979,500,22
3980,5873,6415
3981,9897,3895
3982,3926,1993
3983,3303,6612
3984,9402,6168
3985,3878,5625
3986,3110,6750
3987,3161,7739
3988,4463,4868
3989,1788,6112
3990,5002,9371
3991,2050,2975
3992,3083,4301
3993,3793,6080
3994,5257,5439
3995,4921,1839
3996,830,8998
3997,6959,9170
3998,4154,4498
3999,5960,5188
