n = 5000
Tp = 1
ts = 4000
r = 7000
0,8655,3878
1,4428,3769
2,4945,2467
3,2549,5671
4,6428,6665
5,2475,8243
6,3014,8202
7,3308,8164
8,4093,8969
9,9944,5697
10,4348,9851
11,9336,3211
12,3510,7645
13,8462,5060
14,382,2865
15,4328,6795
16,729,6566
17,6782,5382
18,9004,626
19,139,9866
20,1839,9199
21,9289,4537
22,4467,2976
23,7653,2200
24,2447,5775
25,2817,4172
26,7062,3332
27,4888,17
28,1317,8035
29,924,3671
30,6472,387
31,4315,7337
32,1644,3815
33,6128,3211
34,1455,8698
35,8454,1007
36,7188,6044
37,40,980
38,6306,7491
39,7203,380
40,4332,7744
41,3085,5737
42,6571,3008
43,3998,723
44,3656,3115
45,4444,3256
46,8326,5964
47,5094,4480
48,667,5310
49,4470,8700
50,1360,2223
51,4553,3883
52,8526,5555
53,795,2440
54,2600,7880
55,1387,9444
56,7943,9969
57,9822,3147
58,6400,5042
59,47,9526
60,9474,2055
61,5716,8300
62,7132,5473
63,204,4165
64,347,5806
65,9668,525
66,6913,2068
67,7880,7314
68,897,1530
69,631,506
70,1431,5762
71,9200,5651
72,7061,8135
73,6025,8760
74,9175,7167
75,670,5213
76,3640,8109
77,2598,5720
78,7998,8934
79,6849,1772
80,6576,6397
81,3485,6275
82,5208,3805
83,4872,4343
84,5667,8611
85,7040,6077
86,5316,9478
87,4550,5278
88,7929,1572
89,9297,7732
90,2070,4138
91,63,5373
92,9693,671
93,8134,2015
94,7488,5390
95,8681,3448
96,3149,9214
97,2262,7969
98,7991,3695
99,1836,3151
100,373,5587
101,7530,3893
102,2132,1655
103,6402,4873
104,4248,9469
105,6892,8673
106,7264,456
107,2487,7642
108,9686,7090
109,602,9877
110,3398,573
111,1465,5407
112,8182,7012
113,8131,1611
114,1348,7309
115,1704,7805
116,3198,975
117,9112,9318
118,2841,602
119,6359,9703
120,4933,2182
121,6796,7492
122,7368,2299
123,1369,2775
124,2247,7546
125,9652,1486
126,9412,1880
127,5332,5842
128,5840,789
129,6376,2469
130,1377,3820
131,3777,7159
132,6431,2841
133,9263,20
134,5017,5329
135,105,3725
136,5397,6771
137,4118,8690
138,3988,6858
139,2313,2874
140,5155,7915
141,8618,8430
142,6718,850
143,8158,2248
144,9103,5923
145,9816,6147
146,2036,351
147,2617,9807
148,9023,6454
149,7731,8707
150,5990,7107
151,8172,9503
152,2539,5752
153,4334,1598
154,4886,742
155,763,3188
156,4255,4889
157,2909,202
158,1320,1887
159,2700,2035
160,9606,9875
161,1096,4441
162,736,3626
163,1830,4489
164,8255,4153
165,632,8184
166,5446,1937
167,4085,3424
168,9612,5481
169,3720,556
170,2532,4038
171,7220,6508
172,6878,6248
173,1748,4724
174,1014,3076
175,7680,5031
176,4873,7722
177,5644,9820
178,7048,8162
179,635,6682
180,4022,5064
181,2562,8406
182,1163,2273
183,71,7093
184,1147,585
185,1239,2608
186,3009,4379
187,8054,9236
188,7956,1628
189,8818,4754
190,6300,2420
191,2641,7530
192,862,6282
193,9832,3742
194,1874,4459
195,9917,8614
196,4934,2438
197,5716,2081
198,7035,6951
199,1094,3202
200,461,9790
201,3840,9262
202,2657,1131
203,1992,864
204,8886,9257
205,4362,6311
206,958,5108
207,5664,7134
208,6,9864
209,8864,8069
210,7009,5495
211,4591,9249
212,3507,4359
213,547,8749
214,1529,9414
215,7271,282
216,2758,3194
217,2391,7531
218,6967,4185
219,7723,5270
220,6248,4258
221,4449,2039
222,6560,6327
223,4179,6583
224,7415,952
225,9863,2196
226,5177,6060
227,6389,4046
228,8594,3150
229,8963,3758
230,2888,5106
231,4732,4642
232,6216,131
233,1968,441
234,9913,7450
235,6245,8104
236,2461,9149
237,4379,1190
238,166,513
239,3101,2843
240,5141,6973
241,2930,575
242,2221,4846
243,9443,6450
244,8647,1664
245,2584,7480
246,8430,9856
247,8396,2126
248,9498,1179
249,895,4254
250,2698,3185
251,3385,1418
252,6298,3196
253,4667,1833
254,4324,7095
255,2274,5163
256,1075,7549
257,9157,1371
258,8947,3024
259,7918,6448
260,9525,9218
261,9077,7663
262,5166,5667
263,5064,5169
264,9246,5223
265,3191,1373
266,4014,5747
267,1643,5330
268,3442,5860
269,6711,6850
270,7423,7133
271,4214,302
272,8630,523
273,5668,1850
274,6878,182
275,1161,7213
276,3264,2646
277,2736,7432
278,2636,7375
279,3846,8864
280,5641,6203
281,9901,9962
282,7833,9699
283,4928,8674
284,7850,8153
285,9137,407
286,1753,1045
287,4670,7526
288,7394,5770
289,6802,6802
290,3666,8501
291,4424,7997
292,5725,7825
293,6523,7366
294,7195,4137
295,6904,5023
296,1726,2203
297,4645,8441
298,4463,37
299,9899,3182
300,4102,2544
301,2078,7387
302,5703,2773
303,1597,6312
304,4569,5904
305,8677,5446
306,3363,1584
307,3456,4980
308,5328,9959
309,379,9581
310,1089,8948
311,6709,3361
312,4305,1403
313,1699,8446
314,4676,7854
315,2912,7468
316,2312,9962
317,7538,8578
318,4478,7601
319,3432,9240
320,98,5695
321,1647,1370
322,4453,8827
323,2084,9317
324,7964,812
325,51,5889
326,4865,293
327,782,9867
328,3207,3199
329,1946,9966
330,6156,3393
331,7219,8173
332,8631,7246
333,8624,1664
334,352,8300
335,9425,2985
336,4447,6636
337,5205,4610
338,8284,6203
339,2600,5028
340,6518,7284
341,7593,7958
342,1871,6415
343,2953,3105
344,4948,7946
345,1359,6700
346,6667,1843
347,5769,8232
348,4645,2367
349,6637,1610
350,7938,6826
351,5502,1936
352,900,9275
353,8202,402
354,5260,1763
355,80,4903
356,9393,7875
357,6975,1553
358,7855,9831
359,7641,6886
360,9099,9170
361,54,8187
362,2245,6647
363,6021,7695
364,4134,1169
365,6205,5906
366,8041,5152
367,5010,2480
368,2406,4209
369,1380,6430
370,4953,8376
371,2337,8128
372,2706,620
373,5834,2772
374,1829,2704
375,8754,3583
376,5537,746
377,5763,401
378,7646,9073
379,1435,8151
380,5215,2840
381,36,4622
382,983,1649
383,5938,4511
384,9273,9216
385,6165,7691
386,4103,4829
387,6382,1348
388,7836,4197
389,2462,7429
390,8261,4222
391,2569,4623
392,3577,8309
393,5994,6625
394,7098,5302
395,6608,9588
396,4292,5815
397,9830,8144
398,6770,3905
399,3841,8191
400,7776,9516
401,6722,668
402,7594,8759
403,6059,5094
404,9940,9680
405,6094,5255
406,659,4374
407,4273,5403
408,4568,360
409,3662,8688
410,9325,5305
411,3671,7193
412,808,3491
413,5174,8782
414,3900,1685
415,8531,9700
416,9615,9579
417,9087,661
418,9079,8889
419,3484,8235
420,4525,1827
421,9743,766
422,947,7835
423,9438,8199
424,2721,6168
425,2484,1184
426,6395,63
427,6116,5323
428,7583,1185
429,7530,876
430,299,2673
431,8364,5891
432,7691,880
433,31,3018
434,4704,2615
435,4358,5911
436,7692,7360
437,4565,3550
438,2121,4257
439,2805,6791
440,4121,5127
441,3824,6055
442,4137,8811
443,5515,3037
444,6415,5603
445,6788,2188
446,8434,936
447,1809,6160
448,9208,6494
449,4775,9151
450,8122,6550
451,1548,9133
452,916,6428
453,8532,1563
454,5753,3261
455,3752,2734
456,5604,2234
457,9782,2040
458,969,4625
459,1201,8693
460,7369,9342
461,216,979
462,4436,3838
463,5796,3102
464,5913,8251
465,9835,2120
466,3321,3481
467,2675,6114
468,4778,7419
469,8400,5738
470,887,8531
471,7325,641
472,4645,1237
473,7737,7063
474,8176,2742
475,2841,692
476,4419,6822
477,3036,3414
478,8583,3431
479,5004,7811
480,5315,9641
481,1199,522
482,6850,1220
483,1373,3370
484,8306,5889
485,7052,1118
486,1560,9318
487,6408,5923
488,9120,8364
489,2894,9272
490,9666,2621
491,3271,4465
492,993,783
493,5026,5016
494,3422,6168
495,1434,1120
496,3625,5758
497,2103,8295
498,3271,1516
499,1616,440
500,4431,1314
501,4014,3898
502,2878,2938
503,3227,7081
504,2538,5746
505,521,3711
506,7636,171
507,3280,4782
508,102,3869
509,655,4092
510,7852,8165
511,1412,444
512,496,6540
513,7894,9317
514,2845,5445
515,3007,8849
516,4709,9842
517,8632,6884
518,9374,1843
519,2828,7751
520,4679,4349
521,5246,8464
522,7720,8995
523,2999,3360
524,8039,9828
525,1463,6505
526,8855,6896
527,8285,6201
528,8315,4088
529,8866,7783
530,9609,7105
531,5487,8329
532,9337,2165
533,7374,5311
534,3804,3574
535,7630,1408
536,4058,9424
537,49,5616
538,5459,4634
539,8896,9098
540,8055,6152
541,4798,5232
542,1874,2096
543,2537,9244
544,9647,9638
545,5453,7025
546,6269,7319
547,6898,4707
548,5359,9150
549,1910,7440
550,3629,6231
551,3142,5833
552,3911,7230
553,8661,5329
554,5082,1475
555,8319,4418
556,2203,4572
557,4807,2102
558,609,4838
559,4909,712
560,5455,266
561,2347,6951
562,7743,8328
563,7134,2100
564,1242,1651
565,5074,1049
566,8755,3993
567,2998,1174
568,6483,636
569,4143,2857
570,5007,2530
571,2345,8009
572,2215,5702
573,600,2560
574,2888,1368
575,2332,4514
576,3488,9592
577,514,4382
578,5025,522
579,3383,3248
580,462,4550
581,9255,6464
582,1683,48
583,436,6011
584,5298,7871
585,1555,5019
586,2024,9307
587,2529,4502
588,9486,9640
589,3139,9760
590,5818,2410
591,4170,7902
592,8262,7396
593,3524,8360
594,5944,2736
595,1951,9690
596,5105,5805
597,2793,888
598,3378,3216
599,1924,6891
600,4791,969
601,5173,2444
602,4887,2660
603,5019,539
604,452,9911
605,1068,2780
606,3373,3438
607,3163,9135
608,9316,3233
609,6262,6603
610,3545,2687
611,3900,1719
612,2116,7018
613,5148,340
614,3298,1038
615,7224,6810
616,1703,207
617,2505,334
618,7538,1022
619,5051,605
620,6478,6071
621,2569,1319
622,3380,6923
623,9252,6762
624,4846,8021
625,1724,4090
626,1351,5706
627,8193,2891
628,5934,7250
629,1843,8187
630,4345,6558
631,8918,6350
632,3701,9045
633,18,4870
634,9036,7743
635,2326,895
636,1024,8701
637,6956,6277
638,6819,9170
639,8232,7059
640,4425,4210
641,4650,1161
642,7077,5366
643,7715,7833
644,2000,8233
645,2772,5854
646,7369,7923
647,113,8217
648,710,9647
649,2149,2857
650,8520,8634
651,4063,4006
652,381,4955
653,9738,4251
654,2062,6313
655,9643,3085
656,745,2046
657,2307,1740
658,9705,9574
659,9156,1910
660,1121,2947
661,7569,9330
662,7896,3569
663,7022,799
664,7117,8913
665,5542,8762
666,540,372
667,8123,3430
668,8041,22
669,1879,2363
670,9529,7732
671,306,829
672,1393,7243
673,6829,3896
674,7702,2335
675,1306,3365
676,8354,68
677,5167,2316
678,7816,5629
679,799,3366
680,3039,1438
681,7640,8525
682,9051,4528
683,2732,8866
684,7225,8321
685,1575,7019
686,9528,6726
687,9919,3447
688,6005,5566
689,7146,6879
690,1423,3683
691,4377,3547
692,7338,6368
693,5953,3262
694,239,4330
695,7770,8384
696,7408,9340
697,3089,3718
698,9080,3523
699,56,7695
700,8801,5202
701,5774,8397
702,4159,3219
703,7721,8126
704,1562,2475
705,2734,9559
706,7738,5161
707,3267,1500
708,1851,8635
709,1757,6494
710,7551,2508
711,8915,1025
712,9170,2654
713,5427,457
714,7881,6544
715,9074,4561
716,1956,12
717,2319,1703
718,3219,3712
719,7553,9031
720,3188,4262
721,4127,867
722,3162,882
723,3630,1228
724,9161,7064
725,6549,6271
726,8862,168
727,8684,3903
728,3020,2135
729,2131,5963
730,2929,7515
731,5823,9819
732,5671,8034
733,3727,6860
734,6054,7728
735,8589,2998
736,7558,3315
737,3343,8807
738,7587,6852
739,2813,494
740,5209,6541
741,5918,4805
742,9839,3745
743,9435,9932
744,5120,620
745,5765,3646
746,9412,3033
747,1314,690
748,1181,6506
749,6050,8481
750,5661,5287
751,6224,8606
752,869,8518
753,2163,2423
754,2872,3043
755,901,3239
756,2383,1964
757,7259,6997
758,6517,7180
759,4243,4076
760,1474,1506
761,8476,4776
762,9973,4109
763,9391,5738
764,651,4774
765,3963,8056
766,2252,746
767,5918,5172
768,8596,4371
769,6543,567
770,7311,2898
771,6504,6362
772,7374,8762
773,6034,1825
774,7734,3100
775,4520,8629
776,7239,8491
777,5438,4204
778,3946,9771
779,3210,6646
780,4132,7851
781,8240,9127
782,9063,8604
783,8155,7004
784,1576,7821
785,7111,9036
786,2379,2901
787,1964,9052
788,7162,7580
789,1797,2223
790,1653,7829
791,7775,1017
792,9619,6908
793,1501,6318
794,2486,5288
795,4488,2507
796,9085,4926
797,1203,5488
798,1411,1218
799,9052,7577
800,4820,1242
801,2159,3560
802,5360,385
803,7637,2961
804,6712,5780
805,7593,5250
806,2678,4492
807,4635,9740
808,5225,9145
809,1390,5874
810,7789,4136
811,300,5741
812,8185,321
813,9161,617
814,7858,2943
815,196,1680
816,765,9468
817,4010,6705
818,6962,6937
819,4773,6685
820,2220,2311
821,7234,6286
822,5164,885
823,3440,6483
824,8446,582
825,2292,9180
826,6323,5534
827,1834,1599
828,6989,7657
829,9173,9317
830,5577,7944
831,616,7477
832,7143,1097
833,9645,5082
834,5621,8161
835,1138,7443
836,8777,3977
837,9716,5287
838,9405,1922
839,2211,8930
840,8741,6231
841,5269,8273
842,3436,2894
843,7046,2006
844,1644,1866
845,1853,9512
846,1469,5504
847,7034,8427
848,6581,7491
849,7532,5063
850,7869,6334
851,4271,7192
852,1700,3182
853,8690,7873
854,7116,2138
855,7238,4477
856,706,2223
857,9187,9092
858,6572,2428
859,2565,8390
860,8347,8999
861,3091,5447
862,9232,9819
863,720,4055
864,7995,639
865,1290,6108
866,2558,5891
867,8432,3919
868,6864,2489
869,9073,496
870,3661,3822
871,6352,55
872,9547,8948
873,5235,4408
874,7031,4557
875,1258,9794
876,5550,2950
877,2764,7380
878,9624,4462
879,9101,5292
880,4302,1425
881,6989,7054
882,204,2501
883,4602,7501
884,2002,8080
885,6005,313
886,6260,3332
887,4338,1909
888,8369,6456
889,5849,9939
890,9521,5349
891,3641,2687
892,7912,7258
893,1292,5397
894,4647,5228
895,4790,3136
896,3809,3101
897,1735,1903
898,3611,9687
899,7808,742
900,3357,7190
901,8242,8191
902,7989,7503
903,9266,538
904,6299,5857
905,8680,6152
906,1198,6295
907,359,3344
908,3821,6534
909,1543,4301
910,5059,7401
911,7614,1876
912,6985,1527
913,8605,2229
914,3487,7150
915,9398,3085
916,8710,9854
917,251,6550
918,5876,9300
919,6498,1132
920,2058,5809
921,1334,3948
922,131,1415
923,4039,4635
924,322,6624
925,352,4384
926,5454,586
927,1353,9295
928,3130,2499
929,2051,6243
930,5341,7581
931,3809,8695
932,5760,8413
933,502,6562
934,3973,4390
935,8201,3757
936,261,5949
937,4917,6289
938,5266,7161
939,6685,9970
940,9595,1674
941,796,1522
942,6190,6195
943,651,1427
944,8087,7604
945,4108,1901
946,3255,584
947,4867,8024
948,656,8488
949,3989,7607
950,9580,6010
951,9464,3377
952,4926,4474
953,4586,3581
954,1232,7890
955,3741,2473
956,1083,1705
957,4079,1255
958,5717,3318
959,873,4293
960,6325,7984
961,2029,199
962,354,5092
963,4834,8339
964,3513,5009
965,13,9609
966,7149,9939
967,8293,8941
968,7465,3466
969,5256,4051
970,4513,6838
971,8284,7797
972,1655,8033
973,413,4083
974,6105,5497
975,21,9256
976,2167,4169
977,5771,8854
978,9794,5364
979,2850,1389
980,2320,3373
981,4193,6685
982,3581,2229
983,9379,5813
984,5675,5810
985,4437,8951
986,9177,3608
987,6349,266
988,8450,7430
989,9514,3803
990,4381,1280
991,774,8177
992,930,5333
993,2439,3596
994,3388,3468
995,6245,5434
996,313,5648
997,2087,2037
998,4718,1637
999,5382,7276
1000,8007,5253
1001,1987,7101
1002,8445,1628
1003,4276,9020
1004,1777,7660
1005,8201,4354
1006,708,7566
1007,1869,5716
1008,6505,5686
1009,472,5135
1010,7922,65
1011,2081,3597
1012,3367,5550
1013,689,5799
1014,4309,4806
1015,9299,2216
1016,5202,6169
1017,4167,4377
1018,5807,1303
1019,2598,4782
1020,7047,3639
1021,5855,5116
1022,4276,8503
1023,4208,5077
1024,2369,4881
1025,896,6562
1026,1945,9783
1027,2489,6459
1028,8286,2939
1029,5188,9654
1030,7686,8861
1031,685,4442
1032,2736,1057
1033,2981,2543
1034,8341,9484
1035,2885,7573
1036,5689,4971
1037,3328,4717
1038,3184,7168
1039,2658,3735
1040,5517,7194
1041,7381,4536
1042,3894,9360
1043,1186,9208
1044,8275,7210
1045,3604,758
1046,1557,3101
1047,5672,7385
1048,4148,2336
1049,6032,2084
1050,9569,5455
1051,7496,7748
1052,9818,6812
1053,6064,2473
1054,3932,92
1055,7031,2479
1056,5586,373
1057,4185,2808
1058,6907,6051
1059,6495,8567
1060,4842,8321
1061,5732,5147
1062,6759,2698
1063,1784,3127
1064,5315,3644
1065,1678,730
1066,6408,2421
1067,1328,5152
1068,3999,9405
1069,9730,3748
1070,315,928
1071,4308,2672
1072,6899,5846
1073,9376,2211
1074,2413,417
1075,3652,7805
1076,8646,2115
1077,3626,9626
1078,5230,5145
1079,3842,1401
1080,416,8119
1081,5761,3287
1082,3775,5505
1083,8371,9965
1084,3467,7300
1085,6539,2819
1086,7459,4255
1087,8268,2367
1088,7589,7777
1089,2304,8414
1090,3105,9392
1091,9157,1518
1092,4076,3411
1093,4616,9366
1094,4543,5869
1095,5481,7394
1096,9791,9031
1097,7982,8094
1098,3272,7016
1099,9315,6126
1100,1331,7235
1101,8543,1673
1102,2423,8525
1103,5651,4976
1104,571,7946
1105,9851,1678
1106,8201,8452
1107,5351,1325
1108,3711,6918
1109,3987,3170
1110,9359,8491
1111,945,5863
1112,9494,3614
1113,8089,5604
1114,6841,5517
1115,9367,920
1116,3995,2063
1117,6082,7129
1118,7243,3615
1119,9853,8806
1120,4554,5013
1121,726,1526
1122,939,5679
1123,3260,5807
1124,35,9553
1125,1134,7156
1126,7728,6134
1127,7903,8780
1128,9078,3025
1129,9125,9131
1130,4484,6757
1131,1712,6319
1132,8262,637
1133,7928,2953
1134,5971,344
1135,1151,4566
1136,3942,2309
1137,8533,3562
1138,5642,6840
1139,3099,7704
1140,814,9766
1141,7135,2447
1142,7032,7250
1143,534,9972
1144,7446,9028
1145,8487,4072
1146,607,6515
1147,2132,2839
1148,2200,2783
1149,7396,2173
1150,3891,3661
1151,6220,7252
1152,9842,7184
1153,1804,8366
1154,4185,3280
1155,3845,891
1156,8065,9098
1157,4984,5880
1158,2057,740
1159,8234,9780
1160,5159,5035
1161,7924,1056
1162,2541,8955
1163,4678,2451
1164,6742,2138
1165,5563,3447
1166,8159,9553
1167,8776,8019
1168,1730,888
1169,238,9830
1170,4878,8957
1171,3184,1789
1172,5987,4385
1173,3950,5537
1174,4473,2879
1175,5407,4000
1176,7520,5770
1177,5933,390
1178,6865,2434
1179,8490,8471
1180,6452,2178
1181,9633,8588
1182,1563,2105
1183,1272,8424
1184,1979,2594
1185,609,7462
1186,8843,5827
1187,3951,7025
1188,4486,9487
1189,7413,5775
1190,9978,6248
1191,3354,6363
1192,7634,8324
1193,7225,318
1194,6977,7979
1195,2037,1801
1196,6565,107
1197,3818,1297
1198,5819,8743
1199,6894,2071
1200,5761,8546
1201,1575,5299
1202,5174,116
1203,2566,9052
1204,7070,8616
1205,4945,1543
1206,2258,3170
1207,1358,9082
1208,5908,3039
1209,7402,9404
1210,1152,6170
1211,5786,4267
1212,13,5832
1213,2665,7177
1214,4339,8338
1215,7089,387
1216,4503,8045
1217,869,9375
1218,66,2375
1219,458,5314
1220,9760,7295
1221,8693,2188
1222,5555,1153
1223,1631,4097
1224,5752,7406
1225,9990,9076
1226,5505,1284
1227,5949,2658
1228,3554,5967
1229,8660,4024
1230,8183,3019
1231,6674,273
1232,4850,5509
1233,5982,9104
1234,4595,8525
1235,2877,2791
1236,7055,4922
1237,2246,5506
1238,8515,2026
1239,8178,4275
1240,8418,3444
1241,2463,7467
1242,1098,1005
1243,3955,9985
1244,8341,9394
1245,4157,5154
1246,7019,4616
1247,1783,4245
1248,8469,6670
1249,871,7209
1250,3772,108
1251,1654,6782
1252,8112,6843
1253,152,8573
1254,8533,9296
1255,2089,7077
1256,6887,5526
1257,1913,7187
1258,9582,3527
1259,4158,2029
1260,556,2327
1261,6649,7595
1262,6788,2109
1263,4451,7730
1264,9125,8014
1265,6037,5326
1266,2483,9048
1267,4390,4252
1268,6327,9800
1269,1679,577
1270,5613,9336
1271,9819,1819
1272,1579,1417
1273,9594,8866
1274,8401,1992
1275,5524,42
1276,2827,1280
1277,9307,6967
1278,6020,2749
1279,7322,4397
1280,2357,3176
1281,9338,5460
1282,4459,2676
1283,7603,6948
1284,1703,8771
1285,8062,1491
1286,8366,1605
1287,841,4936
1288,2289,3071
1289,628,3211
1290,6423,8068
1291,3433,6155
1292,2054,2019
1293,2025,9931
1294,8992,2444
1295,8656,2282
1296,6202,1648
1297,9242,2637
1298,6376,5044
1299,896,5308
1300,2292,6113
1301,1162,7462
1302,4238,9052
1303,8041,8721
1304,5725,2413
1305,1660,3298
1306,9940,8398
1307,9919,6709
1308,2623,2642
1309,8805,9674
1310,1052,9807
1311,9210,9708
1312,871,8089
1313,1387,3295
1314,398,6605
1315,3185,1317
1316,5587,7766
1317,3848,6381
1318,7280,4976
1319,1261,7242
1320,6436,8631
1321,9206,4571
1322,988,6554
1323,4044,987
1324,7789,7234
1325,5524,3559
1326,9837,2985
1327,4011,9304
1328,161,5705
1329,7695,6749
1330,3601,6658
1331,8202,4870
1332,8984,1622
1333,9081,9358
1334,9208,5349
1335,5340,1142
1336,1578,7745
1337,406,7770
1338,9683,9613
1339,691,8819
1340,4674,4599
1341,7689,5576
1342,1493,7582
1343,4248,7346
1344,6667,4818
1345,699,6043
1346,1509,8631
1347,4752,1777
1348,5606,9317
1349,5204,4252
1350,8010,2192
1351,8599,3274
1352,18,1935
1353,9887,1332
1354,4285,3066
1355,8681,6287
1356,6498,1205
1357,5050,8241
1358,9145,5475
1359,275,3773
1360,7658,3753
1361,2995,8237
1362,958,9073
1363,838,5275
1364,6626,3959
1365,1803,2284
1366,777,7940
1367,4068,4153
1368,4209,9252
1369,3750,8604
1370,8926,1174
1371,833,4899
1372,194,32
1373,1481,3892
1374,830,3772
1375,3922,366
1376,162,1138
1377,5547,2183
1378,9088,2179
1379,5121,8375
1380,5167,9264
1381,8132,3056
1382,5035,8981
1383,3734,9064
1384,5706,390
1385,4943,3589
1386,5418,2004
1387,6047,4277
1388,8661,1867
1389,1851,854
1390,4262,3851
1391,8264,9592
1392,1430,1585
1393,1254,2221
1394,1663,8978
1395,6963,9578
1396,354,1108
1397,1169,8190
1398,6867,9240
1399,241,2411
1400,8738,423
1401,3998,5157
1402,7317,744
1403,1703,998
1404,8288,1692
1405,5924,4396
1406,9319,5014
1407,6698,3376
1408,6602,1722
1409,1833,2068
1410,2799,161
1411,2866,3080
1412,9422,1430
1413,7174,7016
1414,9557,8465
1415,554,3590
1416,9308,1133
1417,5751,9775
1418,7123,5815
1419,653,2861
1420,8407,8197
1421,1128,8089
1422,867,8209
1423,5835,7130
1424,2819,6081
1425,9016,3551
1426,6036,6405
1427,2305,8820
1428,1608,5372
1429,2889,4404
1430,5253,9618
1431,8132,5516
1432,4237,4778
1433,477,9064
1434,9384,8660
1435,6646,1996
1436,6957,412
1437,9530,9969
1438,8496,3551
1439,4991,58
1440,1349,8746
1441,3655,3089
1442,3986,7745
1443,1845,5139
1444,2115,5352
1445,9276,9829
1446,791,7329
1447,595,338
1448,7368,1155
1449,3717,6818
1450,9640,2820
1451,3653,8808
1452,791,9219
1453,975,7208
1454,5648,1444
1455,7610,723
1456,6163,2153
1457,2793,64
1458,6622,7609
1459,2305,5737
1460,4084,2031
1461,9508,7631
1462,3023,2738
1463,5900,4027
1464,6786,1516
1465,515,8963
1466,6567,4794
1467,6207,309
1468,9480,7743
1469,6907,178
1470,2009,5733
1471,1169,8890
1472,6066,8001
1473,52,4816
1474,4490,7922
1475,4201,9369
1476,1582,3974
1477,1253,6759
1478,882,1160
1479,9537,2621
1480,1902,2122
1481,235,7566
1482,2666,3242
1483,3639,86
1484,1876,9461
1485,226,5972
1486,6238,4101
1487,7254,1682
1488,437,728
1489,2218,5011
1490,1515,5087
1491,9761,2904
1492,1542,3375
1493,6035,8863
1494,2482,6279
1495,4712,3001
1496,6961,1134
1497,7552,2374
1498,35,8217
1499,6273,912
1500,6305,1399
1501,3128,8480
1502,3714,3209
1503,1760,7904
1504,9472,2272
1505,912,5039
1506,5429,7044
1507,2526,8874
1508,2128,8607
1509,9121,1421
1510,8964,3380
1511,9077,6966
1512,767,5023
1513,376,3586
1514,5511,6027
1515,113,6278
1516,8784,9786
1517,9216,3468
1518,1115,7428
1519,2672,3032
1520,3577,3870
1521,5049,374
1522,493,390
1523,1507,8274
1524,991,1882
1525,5668,1908
1526,8780,6402
1527,8906,9014
1528,1067,192
1529,3941,4963
1530,4539,2242
1531,4299,2685
1532,3256,657
1533,767,1147
1534,4924,3258
1535,1628,9534
1536,769,8327
1537,1083,2142
1538,8789,6681
1539,3876,9621
1540,3607,7507
1541,1040,648
1542,606,4166
1543,9837,4718
1544,1513,9525
1545,3723,9006
1546,881,7636
1547,7060,5449
1548,9706,9266
1549,4041,913
1550,9608,6400
1551,1991,1637
1552,543,1885
1553,9448,4762
1554,2867,8799
1555,2341,1495
1556,9613,1488
1557,4553,7421
1558,5759,9347
1559,1521,6337
1560,1390,2401
1561,6288,3416
1562,7646,5909
1563,9151,2558
1564,5245,9984
1565,6914,8178
1566,7029,1801
1567,6357,7185
1568,4917,6709
1569,9861,3918
1570,2489,9215
1571,4571,1339
1572,165,9956
1573,1171,5799
1574,7345,8509
1575,1419,9140
1576,750,8682
1577,2598,5139
1578,8743,696
1579,1889,9215
1580,370,8654
1581,909,659
1582,2678,10
1583,459,9352
1584,3111,9315
1585,7158,6670
1586,3548,4778
1587,6361,1270
1588,8834,6242
1589,3793,8667
1590,9049,3129
1591,5341,5787
1592,7372,7922
1593,7379,8293
1594,7182,9905
1595,7388,3265
1596,6304,2610
1597,8383,6758
1598,3279,8262
1599,2844,7324
1600,3418,8667
1601,5166,2703
1602,1089,582
1603,9683,1212
1604,7049,1248
1605,4440,3099
1606,3356,7898
1607,8893,601
1608,3597,7279
1609,5657,5201
1610,7337,7317
1611,7990,1303
1612,4937,1374
1613,8572,8817
1614,7444,7057
1615,140,6850
1616,7873,2928
1617,9362,547
1618,3674,9415
1619,830,3504
1620,4013,4336
1621,3324,1965
1622,1980,6501
1623,2959,6371
1624,3220,2627
1625,636,491
1626,5930,3527
1627,5874,7430
1628,1473,9624
1629,8792,3047
1630,7817,7696
1631,8911,1517
1632,5889,7768
1633,9319,9536
1634,9981,6751
1635,7901,3895
1636,7522,2119
1637,8577,2180
1638,4110,4669
1639,1973,7389
1640,4742,3907
1641,3346,5352
1642,631,9563
1643,9285,9042
1644,5229,706
1645,8151,9740
1646,7090,7318
1647,4986,4834
1648,2446,5078
1649,2638,1065
1650,3085,6757
1651,2980,3189
1652,5742,346
1653,9402,9684
1654,8615,4230
1655,581,6906
1656,9014,5571
1657,7389,4154
1658,4546,7014
1659,4354,3502
1660,1361,7137
1661,8300,8404
1662,7395,6536
1663,8432,341
1664,9019,6893
1665,8686,306
1666,6973,2874
1667,7303,2445
1668,8802,3803
1669,701,9185
1670,5817,5509
1671,3330,832
1672,3369,3831
1673,1570,9351
1674,5745,955
1675,1773,6447
1676,8864,1529
1677,5628,9523
1678,2624,6457
1679,5061,4281
1680,7996,7970
1681,6634,4527
1682,9939,6724
1683,8411,8020
1684,5013,8383
1685,3004,5216
1686,5130,4237
1687,8977,3952
1688,2850,83
1689,3285,2258
1690,3495,7503
1691,3530,9897
1692,9502,1790
1693,1563,2061
1694,3181,6541
1695,62,4547
1696,902,7082
1697,3173,4437
1698,4657,7943
1699,2051,9213
1700,5257,217
1701,3883,6195
1702,4012,9523
1703,6884,6993
1704,7926,8298
1705,6138,1423
1706,5879,2405
1707,3550,8479
1708,6656,6756
1709,3373,8663
1710,5550,9017
1711,733,7591
1712,3629,2503
1713,8196,2262
1714,6909,565
1715,9715,8462
1716,9986,8863
1717,6432,3328
1718,4677,1050
1719,8161,2549
1720,5656,4002
1721,9140,2162
1722,5079,1426
1723,3116,1814
1724,8746,3390
1725,6597,6468
1726,6999,6016
1727,4185,6200
1728,8180,8110
1729,7563,4616
1730,3818,4821
1731,4576,488
1732,5349,2020
1733,157,746
1734,1176,5319
1735,9708,2800
1736,7341,9229
1737,136,4623
1738,4970,8249
1739,5480,1362
1740,9871,5362
1741,9049,5624
1742,1452,9623
1743,483,7003
1744,3440,1651
1745,4525,5742
1746,8028,56
1747,7645,9538
1748,1093,3484
1749,2599,7781
1750,3288,3005
1751,9351,4215
1752,3272,4353
1753,4586,3962
1754,4500,2286
1755,8086,1670
1756,3140,6707
1757,7259,9895
1758,2257,8289
1759,6177,724
1760,2196,1050
1761,2016,5548
1762,4918,3076
1763,6798,974
1764,2071,6154
1765,7010,1541
1766,1739,9952
1767,2136,7678
1768,1262,8592
1769,3854,6344
1770,6088,4006
1771,8443,8663
1772,2156,3348
1773,7199,5781
1774,6250,6979
1775,1510,1222
1776,965,183
1777,3590,5318
1778,350,6669
1779,3319,9073
1780,8815,1107
1781,6162,9854
1782,7508,1988
1783,4994,9385
1784,4035,2112
1785,5335,1516
1786,4524,9348
1787,2202,7865
1788,9788,4170
1789,283,9143
1790,124,1104
1791,5174,5398
1792,3366,4317
1793,644,7264
1794,8743,1782
1795,5901,2958
1796,4416,7132
1797,5867,4389
1798,7878,2431
1799,2441,1499
1800,6746,323
1801,4795,5802
1802,1571,4237
1803,3128,3439
1804,9559,1834
1805,801,463
1806,6201,8652
1807,4773,9304
1808,3468,8930
1809,4637,1759
1810,2629,1651
1811,4867,5899
1812,1422,9975
1813,5568,9676
1814,3879,3410
1815,3490,2761
1816,4440,4238
1817,1356,8966
1818,257,3715
1819,5143,5150
1820,8914,8550
1821,9591,9379
1822,518,7868
1823,9160,8639
1824,2810,5225
1825,183,6645
1826,3356,521
1827,1965,1801
1828,9630,1113
1829,1350,2441
1830,4458,835
1831,4176,7095
1832,320,9637
1833,4015,5956
1834,7706,2125
1835,1805,6138
1836,2400,7955
1837,4671,5958
1838,5031,3251
1839,4722,5456
1840,3621,4565
1841,3140,7752
1842,4208,7019
1843,4160,7087
1844,9172,1766
1845,2369,9279
1846,5699,4117
1847,9287,3928
1848,3142,8380
1849,9607,2648
1850,5634,9661
1851,7853,3334
1852,7542,3829
1853,6093,7724
1854,113,4277
1855,968,8430
1856,2192,6091
1857,7689,1611
1858,6565,9421
1859,9214,4095
1860,2867,3602
1861,6996,306
1862,8534,6701
1863,2668,1921
1864,4607,9606
1865,1610,6343
1866,9517,919
1867,892,8567
1868,7112,5728
1869,7079,1545
1870,5766,679
1871,9804,3807
1872,7504,9344
1873,1242,2082
1874,4703,9220
1875,9869,7166
1876,2928,6577
1877,1445,214
1878,679,3246
1879,6593,9942
1880,4799,5785
1881,9450,9443
1882,8127,8879
1883,5148,5953
1884,3144,7000
1885,9231,5857
1886,2316,4092
1887,9780,9908
1888,4473,7622
1889,2795,5409
1890,7410,5635
1891,9937,1327
1892,6798,759
1893,2694,7056
1894,5178,7613
1895,8781,7802
1896,4105,4056
1897,4876,9650
1898,5388,7226
1899,2659,9031
1900,8173,5120
1901,394,8569
1902,3333,3433
1903,2131,5972
1904,9870,6226
1905,63,3901
1906,7298,7487
1907,5084,2583
1908,3826,5159
1909,3900,6674
1910,3171,6557
1911,8593,2354
1912,4946,3366
1913,7204,8743
1914,8008,8236
1915,1941,7966
1916,1033,766
1917,364,8131
1918,3574,9473
1919,6254,2785
1920,35,3192
1921,9115,744
1922,7747,2491
1923,2148,8106
1924,2015,5271
1925,5867,6626
1926,5157,9762
1927,8051,6177
1928,3629,2313
1929,85,838
1930,6375,6984
1931,3268,10
1932,7184,7445
1933,873,2997
1934,7268,6793
1935,4408,3056
1936,7613,8684
1937,7379,9672
1938,3081,8380
1939,7597,4507
1940,6426,1129
1941,4646,1283
1942,6359,4513
1943,277,3388
1944,2959,2899
1945,1621,740
1946,8525,4898
1947,4966,4494
1948,9832,8920
1949,2612,9650
1950,6946,9396
1951,9365,8053
1952,9264,6753
1953,6443,6832
1954,968,501
1955,2633,7647
1956,7654,435
1957,4387,4537
1958,5290,2365
1959,862,6151
1960,379,3929
1961,7062,9187
1962,4543,2334
1963,894,8639
1964,2034,6252
1965,1122,6318
1966,7091,1942
1967,473,8691
1968,511,8589
1969,8102,4676
1970,2517,4074
1971,286,4298
1972,200,8679
1973,9828,3688
1974,9011,9386
1975,2191,2086
1976,4166,2207
1977,8381,1977
1978,5103,5906
1979,7185,3040
1980,4212,4518
1981,535,8909
1982,2925,52
1983,8889,8175
1984,3326,8947
1985,3978,2648
1986,6354,1040
1987,4543,6288
1988,915,7850
1989,4989,9173
1990,2534,5693
1991,3406,1436
1992,1508,1609
1993,78,4777
1994,1266,6719
1995,4641,5398
1996,626,4552
1997,8071,6276
1998,1298,7169
1999,1351,6508
2000,1923,5958
2001,3785,7184
2002,6068,7914
2003,4176,7188
2004,5452,4848
2005,7044,7234
2006,6791,5978
2007,8734,8654
2008,5576,779
2009,7388,9238
2010,9228,1483
2011,7684,2165
2012,5023,8023
2013,8150,4054
2014,8488,1442
2015,3130,3727
2016,4799,6828
2017,8936,6625
2018,9615,9180
2019,5910,1738
2020,6679,493
2021,2604,5733
2022,5226,6371
2023,2387,1167
2024,2598,8697
2025,3308,7639
2026,5634,8169
2027,2606,6417
2028,8096,1175
2029,4551,9590
2030,98,2682
2031,323,1356
2032,8649,9607
2033,1274,3678
2034,9384,8987
2035,7812,7688
2036,4743,6229
2037,1080,1137
2038,7187,6079
2039,2786,9732
2040,9811,8999
2041,9090,7741
2042,2182,2782
2043,6961,8365
2044,200,12
2045,4079,986
2046,9747,413
2047,3224,2710
2048,8514,1804
2049,3365,4554
2050,6241,6491
2051,3662,6720
2052,1680,5068
2053,8701,1226
2054,8055,9935
2055,7806,6913
2056,8819,8393
2057,5314,6189
2058,4573,3389
2059,8147,1150
2060,4252,5225
2061,4498,869
2062,8929,8224
2063,4444,7651
2064,7105,7775
2065,4043,1195
2066,2095,446
2067,4024,9686
2068,4279,358
2069,415,9108
2070,5352,4665
2071,8539,2681
2072,8073,8418
2073,896,8604
2074,8860,7018
2075,3239,4679
2076,3887,3844
2077,7748,7803
2078,2815,2854
2079,9987,5364
2080,4007,3892
2081,4577,5573
2082,343,4747
2083,1127,8095
2084,6768,5958
2085,9745,5651
2086,9707,6193
2087,2189,6130
2088,5225,1304
2089,5503,3612
2090,8485,8410
2091,2481,8397
2092,6262,1568
2093,7304,6209
2094,3841,9716
2095,6850,9712
2096,6763,4255
2097,3611,2490
2098,2939,2259
2099,1134,3679
2100,4462,5186
2101,1128,6875
2102,8148,7001
2103,9833,9965
2104,9544,2813
2105,1668,5347
2106,5214,7984
2107,5926,5748
2108,8356,9248
2109,3651,1081
2110,987,9373
2111,860,6249
2112,7247,1476
2113,7436,7295
2114,2529,556
2115,9410,1386
2116,9254,4812
2117,8313,1521
2118,1432,9016
2119,2498,8289
2120,6090,2838
2121,2195,4468
2122,7785,3553
2123,1833,8512
2124,3326,7097
2125,3897,5817
2126,9665,1397
2127,3749,4644
2128,5447,3543
2129,7162,7497
2130,4971,4058
2131,2357,7747
2132,3099,8650
2133,3477,9928
2134,873,303
2135,2924,9856
2136,3474,4744
2137,8080,7651
2138,5660,1120
2139,9166,8244
2140,4952,1408
2141,2078,2132
2142,6486,1073
2143,7761,8996
2144,2200,4683
2145,6615,3755
2146,5039,3599
2147,3069,6319
2148,6178,7262
2149,5123,4164
2150,1101,6228
2151,236,158
2152,1621,7989
2153,6318,6549
2154,8473,1314
2155,5498,7588
2156,1189,7111
2157,5622,4846
2158,9920,7940
2159,9493,4494
2160,1893,8790
2161,8088,4905
2162,6159,6066
2163,1661,4850
2164,8590,1725
2165,9382,3801
2166,4070,7259
2167,2997,7105
2168,9462,6674
2169,5523,6028
2170,582,9498
2171,768,8694
2172,1353,7315
2173,612,8763
2174,1362,7187
2175,7620,7510
2176,6147,5082
2177,6112,6823
2178,6033,1316
2179,4138,3167
2180,9300,683
2181,8337,5771
2182,6298,2167
2183,2475,7403
2184,7226,1491
2185,6833,1070
2186,7798,8684
2187,3876,2444
2188,8633,7048
2189,381,9599
2190,7632,4769
2191,3506,1903
2192,982,7021
2193,6373,9913
2194,8184,8363
2195,3110,2795
2196,4151,3468
2197,7177,814
2198,187,9516
2199,642,6417
2200,420,8411
2201,3581,4702
2202,3676,4365
2203,4874,1147
2204,4473,202
2205,3973,1471
2206,110,7138
2207,2052,8894
2208,8609,9121
2209,1577,4083
2210,3847,7083
2211,2455,937
2212,3836,6388
2213,4706,8471
2214,2911,4798
2215,3791,3446
2216,2057,3488
2217,8010,1888
2218,5294,6736
2219,2951,1094
2220,3820,7037
2221,8752,8429
2222,6240,8347
2223,5420,1255
2224,2713,2427
2225,5425,2218
2226,9796,9046
2227,1249,7951
2228,5526,7783
2229,8223,2313
2230,3160,3842
2231,7365,3999
2232,2924,9109
2233,6878,8104
2234,4927,9305
2235,8126,3170
2236,359,5013
2237,1937,8911
2238,4155,5407
2239,7009,3773
2240,2945,2351
2241,3409,8560
2242,274,9427
2243,6918,4719
2244,6218,25
2245,7990,8311
2246,6396,1052
2247,872,7488
2248,4690,2461
2249,331,9274
2250,274,4893
2251,499,7795
2252,5309,6405
2253,7357,3416
2254,4945,1027
2255,5588,8981
2256,5614,4353
2257,3468,4651
2258,149,723
2259,4156,7981
2260,2443,157
2261,3481,743
2262,7838,9327
2263,5773,156
2264,7407,4766
2265,6966,4634
2266,7069,6256
2267,7802,8988
2268,2562,195
2269,9112,2268
2270,887,954
2271,6043,6451
2272,8051,7397
2273,904,2878
2274,9472,7564
2275,3046,1102
2276,5470,8425
2277,45,4749
2278,9489,2111
2279,3574,5192
2280,5254,4474
2281,4995,3661
2282,3747,6804
2283,504,4402
2284,7516,7217
2285,5990,1199
2286,2257,7752
2287,5689,1002
2288,9300,4303
2289,3015,2989
2290,6681,3330
2291,3768,1846
2292,5447,1791
2293,7349,4667
2294,8555,8065
2295,2314,2663
2296,3979,2054
2297,405,4982
2298,5800,9599
2299,9808,3657
2300,2108,5813
2301,1035,7014
2302,9971,2018
2303,5426,4351
2304,7191,6355
2305,7182,4461
2306,2131,552
2307,3351,3705
2308,8329,3588
2309,7415,1862
2310,1647,5976
2311,2298,2991
2312,227,5223
2313,1233,1241
2314,6784,5493
2315,3078,7236
2316,6265,7089
2317,3626,3779
2318,9650,8140
2319,7418,2149
2320,5245,5620
2321,4081,64
2322,4866,5970
2323,758,1658
2324,8232,861
2325,7013,3603
2326,8624,6888
2327,9292,6594
2328,802,8463
2329,6124,5002
2330,1711,5897
2331,4991,8968
2332,260,7162
2333,3064,988
2334,6912,1960
2335,3830,2706
2336,8813,4232
2337,2451,1516
2338,666,4645
2339,7673,4062
2340,8793,5004
2341,9780,6965
2342,1284,5526
2343,1683,6132
2344,9099,4755
2345,8999,1421
2346,6152,6591
2347,2462,2969
2348,2420,5364
2349,1017,8468
2350,5042,7708
2351,2217,2728
2352,9273,4209
2353,3721,9156
2354,6031,2500
2355,7621,8152
2356,4544,7526
2357,808,5680
2358,4382,7174
2359,371,458
2360,7139,2535
2361,5321,1270
2362,2321,8860
2363,5303,3914
2364,7739,9299
2365,8305,7039
2366,236,7644
2367,1032,4875
2368,8149,7765
2369,3463,2764
2370,7093,4275
2371,781,8029
2372,5888,4511
2373,2837,7288
2374,7042,1962
2375,8992,216
2376,4637,3102
2377,3509,5066
2378,3565,7075
2379,6062,8256
2380,5613,1403
2381,420,8625
2382,4627,6379
2383,4485,6928
2384,6854,38
2385,9185,2760
2386,9872,9783
2387,789,4369
2388,6798,4315
2389,5742,5249
2390,8260,3800
2391,1583,562
2392,6381,3134
2393,654,9435
2394,5840,3609
2395,5592,3358
2396,1071,592
2397,8325,6574
2398,1481,3453
2399,8470,1691
2400,671,6905
2401,363,6188
2402,3700,7587
2403,3585,9447
2404,4221,6797
2405,2216,4880
2406,9144,5636
2407,4099,3771
2408,425,7770
2409,4345,6479
2410,2191,6673
2411,632,7450
2412,6997,7174
2413,6233,3675
2414,5476,583
2415,8542,7696
2416,2965,1442
2417,216,380
2418,1397,9564
2419,8246,8356
2420,2098,2955
2421,7687,6951
2422,5602,1377
2423,8784,5320
2424,802,6917
2425,7018,2537
2426,7724,4415
2427,4290,326
2428,4450,3664
2429,1012,6731
2430,6902,4332
2431,5314,6178
2432,108,1941
2433,9853,5053
2434,855,3829
2435,3511,3772
2436,5328,7976
2437,8191,652
2438,4246,4019
2439,6987,2557
2440,2959,8485
2441,3588,9949
2442,1372,4776
2443,5835,1222
2444,7498,884
2445,9385,7073
2446,8245,3585
2447,9205,8726
2448,967,6694
2449,382,5602
2450,6078,5843
2451,5352,2322
2452,7276,5639
2453,7076,3266
2454,2264,431
2455,4007,7789
2456,7345,9420
2457,2556,2000
2458,2611,5247
2459,3382,9199
2460,8034,3476
2461,5006,8451
2462,1987,7849
2463,2603,3903
2464,6427,2217
2465,6575,4014
2466,6798,7881
2467,4829,4508
2468,3705,6013
2469,1417,2861
2470,9564,2472
2471,9560,3021
2472,2895,3679
2473,7687,7076
2474,8613,1913
2475,3191,8933
2476,8750,5173
2477,8853,4500
2478,2550,2120
2479,1384,9267
2480,6043,4594
2481,260,167
2482,9564,7627
2483,9691,811
2484,7548,3679
2485,8211,3105
2486,2310,9107
2487,5683,2752
2488,8795,706
2489,9510,9663
2490,6358,4873
2491,1858,780
2492,6097,5500
2493,2083,6425
2494,4992,2707
2495,6545,2227
2496,9323,7780
2497,3504,6017
2498,7274,1358
2499,8965,4070
2500,3624,191
2501,2166,2978
2502,5898,3219
2503,4026,5723
2504,2489,6249
2505,7408,8788
2506,8827,9300
2507,3228,8135
2508,3167,2443
2509,5980,9188
2510,9607,2189
2511,9784,8070
2512,1440,2453
2513,584,174
2514,9245,21
2515,6832,4383
2516,674,1538
2517,9494,6725
2518,9324,7532
2519,1411,130
2520,5854,9224
2521,568,9654
2522,9798,8284
2523,1976,5419
2524,7150,7511
2525,5171,1691
2526,3278,1818
2527,7316,4238
2528,1678,7223
2529,2448,4691
2530,6201,2612
2531,302,9338
2532,8750,5244
2533,7894,3292
2534,2640,643
2535,4770,6024
2536,2317,7267
2537,6001,9084
2538,1788,4024
2539,842,4171
2540,6703,5812
2541,4302,4512
2542,7672,1167
2543,4918,3536
2544,2792,5807
2545,8203,9269
2546,3907,560
2547,3477,9613
2548,2031,1777
2549,6315,6957
2550,4042,7691
2551,9881,2947
2552,8379,1038
2553,720,8599
2554,8945,6329
2555,71,7197
2556,7561,7702
2557,8095,3401
2558,9611,3456
2559,7700,1711
2560,6627,210
2561,7215,9559
2562,5373,5885
2563,9256,698
2564,4425,5349
2565,1593,7307
2566,7215,200
2567,3022,2980
2568,7020,9917
2569,3801,3340
2570,2266,8533
2571,2386,9746
2572,7101,7216
2573,155,3977
2574,9210,7184
2575,2737,3136
2576,8882,9042
2577,3758,1133
2578,764,7534
2579,5868,949
2580,5057,9147
2581,4996,538
2582,3841,9615
2583,4644,7154
2584,1043,6451
2585,3551,2960
2586,3289,8016
2587,6399,2529
2588,9858,2888
2589,2581,8661
2590,7497,6147
2591,8305,6279
2592,6490,1732
2593,6749,2011
2594,5061,7847
2595,1667,2116
2596,7355,4553
2597,2944,1871
2598,21,9188
2599,4208,9151
2600,9125,5030
2601,2680,8469
2602,5652,4941
2603,1090,4460
2604,4826,4657
2605,6083,8335
2606,3563,7645
2607,5177,7272
2608,7791,8812
2609,7568,6389
2610,586,7324
2611,4755,6185
2612,9098,7362
2613,1152,220
2614,4080,6730
2615,4212,7776
2616,2741,6472
2617,2214,3777
2618,4173,1152
2619,1424,6168
2620,8169,7502
2621,9015,4349
2622,4838,9891
2623,1676,566
2624,1667,3629
2625,4714,7744
2626,9185,9394
2627,7344,9304
2628,7827,5417
2629,9433,9399
2630,6644,9365
2631,9030,6728
2632,2151,3198
2633,6126,343
2634,4506,926
2635,2332,9848
2636,6788,6709
2637,6102,1857
2638,541,3145
2639,7150,7685
2640,9485,1901
2641,1969,8670
2642,8316,5373
2643,3868,2838
2644,5321,419
2645,5327,1570
2646,230,2922
2647,9418,8668
2648,9617,8557
2649,7540,5835
2650,9501,938
2651,186,3393
2652,110,1736
2653,3380,1489
2654,148,50
2655,4739,8475
2656,8687,3503
2657,4455,9157
2658,7745,5775
2659,4925,7031
2660,273,9381
2661,8390,9123
2662,1915,7660
2663,8050,9168
2664,9908,3079
2665,9163,242
2666,8716,2088
2667,5343,5335
2668,8156,1596
2669,9988,1408
2670,1263,514
2671,672,1386
2672,7437,6822
2673,7137,4296
2674,1906,9935
2675,1174,1807
2676,4494,3905
2677,6017,3261
2678,1989,9711
2679,2628,2375
2680,7110,8545
2681,6248,4222
2682,5705,7837
2683,6765,1485
2684,9586,9781
2685,9836,7010
2686,4386,4973
2687,8392,7206
2688,9980,9816
2689,3106,8667
2690,3813,2094
2691,1308,7345
2692,9205,3580
2693,869,6549
2694,2058,3320
2695,3,86
2696,6827,7087
2697,5663,4101
2698,9274,3452
2699,3130,6857
2700,1555,8935
2701,1182,5355
2702,8977,2201
2703,9087,9941
2704,5744,1735
2705,4304,5570
2706,6525,3922
2707,2818,5570
2708,6617,2730
2709,3478,5693
2710,7228,6090
2711,580,8065
2712,1159,6340
2713,6420,8970
2714,1570,8122
2715,2362,5628
2716,5907,2374
2717,431,5472
2718,6288,6311
2719,826,5721
2720,6460,5337
2721,8381,226
2722,1437,5263
2723,2923,6822
2724,4303,3983
2725,4568,7467
2726,6929,5034
2727,7385,8475
2728,9084,1526
2729,1035,2673
2730,3908,8106
2731,6831,989
2732,5287,1574
2733,5731,6228
2734,9027,4797
2735,4907,1575
2736,1621,5984
2737,1646,6877
2738,5211,4136
2739,3502,4608
2740,8634,4255
2741,5391,5809
2742,635,1979
2743,8120,4969
2744,1249,5208
2745,7399,1550
2746,4726,737
2747,1455,5726
2748,1123,5099
2749,3965,1706
2750,4142,2926
2751,4473,9522
2752,6414,1361
2753,855,809
2754,8922,385
2755,8748,261
2756,7231,9437
2757,8590,8293
2758,3168,1665
2759,1061,3071
2760,3112,1405
2761,7710,709
2762,6331,9586
2763,1101,6339
2764,4234,4568
2765,1074,1576
2766,5141,1999
2767,4917,3231
2768,1643,6192
2769,8380,7913
2770,8558,1278
2771,5899,5544
2772,6833,5967
2773,1674,3898
2774,6787,8129
2775,2866,3088
2776,613,91
2777,2625,6874
2778,7303,8721
2779,894,6018
2780,7313,6403
2781,3062,7073
2782,1181,5731
2783,1973,3649
2784,2610,2977
2785,2576,5521
2786,442,6292
2787,2462,3406
2788,7605,279
2789,71,5556
2790,9079,5790
2791,7669,5745
2792,6781,8740
2793,9655,8946
2794,3693,5171
2795,2181,1261
2796,9083,6142
2797,4925,9274
2798,2984,5902
2799,8892,3550
2800,4308,568
2801,8824,6197
2802,9892,3719
2803,3674,3035
2804,6383,8667
2805,7385,5768
2806,5074,7757
2807,3473,1158
2808,7460,3325
2809,1363,6080
2810,595,3435
2811,6934,9128
2812,3981,2191
2813,6619,6629
2814,8235,5317
2815,1294,1992
2816,312,7816
2817,1176,6441
2818,1151,2938
2819,2817,8467
2820,8114,7853
2821,8883,7112
2822,2311,5313
2823,650,2290
2824,557,4603
2825,7800,6056
2826,7660,9966
2827,4981,5305
2828,5402,8488
2829,1411,6552
2830,6506,5435
2831,1119,9459
2832,671,3175
2833,1972,1186
2834,7727,3921
2835,953,681
2836,7314,5026
2837,2059,3946
2838,3786,31
2839,8821,2826
2840,9820,4784
2841,7819,7646
2842,2540,4159
2843,7911,7506
2844,8935,1198
2845,5050,1797
2846,8250,1317
2847,2708,4805
2848,5264,2199
2849,6655,4018
2850,5080,7809
2851,326,1362
2852,8533,7646
2853,6083,4401
2854,2094,5178
2855,293,5746
2856,502,4785
2857,8256,566
2858,1799,3906
2859,8511,519
2860,2807,3253
2861,7188,9010
2862,2381,1238
2863,6352,8271
2864,5212,2766
2865,3726,8607
2866,7230,4845
2867,4474,6497
2868,6828,949
2869,9024,864
2870,5913,4470
2871,3646,5501
2872,2127,1170
2873,6587,6596
2874,5153,8604
2875,5937,6590
2876,2911,5873
2877,5509,9362
2878,8872,7267
2879,2904,1736
2880,9882,7246
2881,6373,5036
2882,309,6905
2883,3915,827
2884,7261,3339
2885,5029,894
2886,6862,1752
2887,2117,5360
2888,6794,7190
2889,9567,9229
2890,2718,6720
2891,3841,4728
2892,4099,518
2893,5761,2297
2894,9936,3215
2895,3150,2450
2896,3708,5228
2897,1000,3693
2898,2737,7386
2899,9340,2948
2900,748,2308
2901,4680,1884
2902,3169,3555
2903,365,5646
2904,9180,6227
2905,2641,7315
2906,4642,8931
2907,2212,780
2908,5110,1464
2909,8011,6780
2910,679,5438
2911,3784,2930
2912,358,7661
2913,5547,3126
2914,5046,1219
2915,7681,3967
2916,8108,1764
2917,3419,7119
2918,4662,827
2919,4154,6332
2920,3016,7564
2921,7221,3468
2922,8337,3112
2923,7709,1948
2924,8956,6107
2925,8120,6589
2926,242,7237
2927,2601,3532
2928,8621,1539
2929,9425,5452
2930,104,361
2931,287,6945
2932,6706,5423
2933,3283,8412
2934,1857,709
2935,3824,3102
2936,9139,7268
2937,4959,7403
2938,5263,435
2939,3248,1133
2940,4106,482
2941,2476,8530
2942,6998,3527
2943,294,6579
2944,1029,6963
2945,8527,6673
2946,3675,1295
2947,3017,7998
2948,4465,3368
2949,9875,3638
2950,4486,2068
2951,3508,3304
2952,2848,2353
2953,7315,2276
2954,848,4137
2955,5954,3843
2956,3956,3331
2957,7130,1982
2958,5045,7224
2959,7954,7772
2960,9745,1088
2961,1977,3611
2962,7395,8826
2963,211,2650
2964,6478,9269
2965,2641,48
2966,8713,1085
2967,2248,2669
2968,132,4501
2969,8340,5020
2970,4904,9389
2971,9894,6801
2972,5213,3616
2973,5736,5957
2974,9365,4957
2975,2801,5498
2976,2357,1744
2977,4771,9389
2978,1956,2829
2979,1650,7624
2980,7100,760
2981,6863,6944
2982,5678,1539
2983,5459,4626
2984,9426,1669
2985,9239,5077
2986,5052,1380
2987,8944,1020
2988,6329,6591
2989,5400,5611
2990,8616,3674
2991,3399,9186
2992,3174,8758
2993,5809,2827
2994,7298,476
2995,8664,8700
2996,2880,2246
2997,2482,474
2998,7657,9611
2999,4630,5786
3000,9663,7493
3001,5200,2677
3002,9822,6257
3003,1732,8199
3004,9565,6018
3005,4991,7204
3006,9300,97
3007,5801,3800
3008,4424,1430
3009,5590,5449
3010,7602,3996
3011,7835,2252
3012,974,3700
3013,7342,5216
3014,2030,7976
3015,5495,1323
3016,1966,329
3017,8467,911
3018,9363,2984
3019,2247,2664
3020,269,9534
3021,545,8868
3022,9452,1209
3023,8233,3376
3024,8366,2771
3025,6343,6043
3026,454,2144
3027,7615,1898
3028,8392,4452
3029,4679,472
3030,161,9006
3031,6329,2054
3032,6692,1861
3033,2867,998
3034,2047,5358
3035,2396,2032
3036,4252,3687
3037,289,7120
3038,8163,1091
3039,366,7997
3040,9437,8002
3041,5592,5542
3042,3651,6396
3043,6870,1546
3044,2149,4059
3045,1264,2388
3046,7606,7138
3047,2944,2242
3048,597,7229
3049,5526,1361
3050,7863,4118
3051,1175,1542
3052,6159,3185
3053,6773,4587
3054,3823,7989
3055,3817,2388
3056,1640,2648
3057,3101,2285
3058,638,725
3059,4598,1794
3060,8471,8973
3061,1679,106
3062,4770,5063
3063,49,2737
3064,1924,6613
3065,3550,7985
3066,5005,853
3067,4029,876
3068,5929,640
3069,9679,1721
3070,5347,2195
3071,3728,7256
3072,7044,2999
3073,3017,179
3074,8169,9743
3075,6274,1764
3076,4674,5341
3077,7702,2077
3078,6183,8018
3079,3887,2136
3080,8453,7265
3081,1551,6971
3082,7718,8478
3083,576,9927
3084,7887,3224
3085,84,1486
3086,3075,8735
3087,3206,3070
3088,468,3476
3089,4801,9134
3090,6265,557
3091,8415,4308
3092,8347,1393
3093,7609,3697
3094,5642,4726
3095,5022,9642
3096,4413,3476
3097,8863,4
3098,8279,5397
3099,3479,9082
3100,4532,7116
3101,3639,8974
3102,898,5488
3103,2607,9162
3104,3261,3
3105,3945,274
3106,8499,1923
3107,1664,7592
3108,9190,5820
3109,6814,8890
3110,1728,8199
3111,5794,5932
3112,1984,644
3113,7328,2942
3114,7522,7871
3115,2019,75
3116,2829,1698
3117,8030,8589
3118,9814,5959
3119,8048,2815
3120,7042,2040
3121,6069,9649
3122,3753,5349
3123,2217,1794
3124,3574,2097
3125,3943,5581
3126,6603,3194
3127,2640,6674
3128,977,7139
3129,9864,9231
3130,2221,3487
3131,2234,4187
3132,4254,9516
3133,171,6032
3134,2,3978
3135,9212,8962
3136,7480,6167
3137,7161,9568
3138,6433,9032
3139,9758,5846
3140,816,8934
3141,8265,6060
3142,5072,6354
3143,5787,5807
3144,2981,6758
3145,6888,2778
3146,5594,4602
3147,943,1969
3148,6521,9776
3149,1331,7033
3150,3386,1165
3151,5575,8919
3152,3443,4676
3153,712,4772
3154,1789,4560
3155,7508,4826
3156,9591,4765
3157,664,1373
3158,7860,1940
3159,9223,2424
3160,975,8977
3161,3399,7411
3162,5487,5587
3163,8086,5583
3164,7189,4896
3165,1050,4542
3166,9314,8194
3167,9093,7154
3168,6054,6530
3169,6535,688
3170,643,9151
3171,541,895
3172,5936,2843
3173,7848,7635
3174,681,6723
3175,8041,113
3176,4356,8841
3177,4856,5807
3178,6622,9231
3179,2019,5626
3180,4468,9521
3181,8163,8066
3182,3422,6960
3183,2731,614
3184,2437,9815
3185,6602,3015
3186,4629,3500
3187,3520,4092
3188,446,7796
3189,2812,4738
3190,2820,2227
3191,7940,846
3192,7543,3712
3193,7486,4176
3194,8765,465
3195,2299,5861
3196,7082,967
3197,6036,8761
3198,2322,7464
3199,1676,6087
3200,181,1013
3201,2309,7504
3202,6377,6904
3203,334,3827
3204,9078,2653
3205,5834,3342
3206,5274,729
3207,7516,4034
3208,2237,603
3209,9982,7244
3210,8958,1133
3211,9889,7013
3212,4988,9286
3213,6655,9384
3214,7010,4672
3215,1340,9307
3216,7306,7666
3217,7131,4700
3218,2786,713
3219,3981,4009
3220,6539,9224
3221,9828,6828
3222,8398,1304
3223,3525,6481
3224,553,8605
3225,5964,6278
3226,5895,5736
3227,9449,7662
3228,6558,5122
3229,1769,929
3230,2914,1980
3231,9936,196
3232,6727,5968
3233,2465,7600
3234,659,2707
3235,2128,9698
3236,4354,2601
3237,1774,9902
3238,883,5045
3239,8244,9393
3240,8976,6364
3241,668,8354
3242,9435,6325
3243,9048,5827
3244,5555,7311
3245,8293,9546
3246,5958,3695
3247,1354,1622
3248,7984,2692
3249,2507,2513
3250,7202,8025
3251,7371,2785
3252,7870,774
3253,7566,9338
3254,943,9507
3255,4140,8852
3256,2373,7355
3257,1105,436
3258,365,6616
3259,7361,5081
3260,7280,2609
3261,1577,9318
3262,3506,2253
3263,9105,4423
3264,9818,6642
3265,5021,5521
3266,2866,5503
3267,5891,6635
3268,4164,5650
3269,1974,8659
3270,1652,5031
3271,9825,8078
3272,8829,7629
3273,4912,2928
3274,8019,1606
3275,9240,4996
3276,2872,7180
3277,4951,1544
3278,5786,4571
3279,5958,2281
3280,6361,7006
3281,1147,1222
3282,8118,5145
3283,7274,563
3284,7255,6496
3285,1228,4013
3286,5672,7459
3287,6968,4917
3288,9947,9352
3289,1853,4394
3290,3664,2755
3291,2418,8695
3292,5360,7379
3293,9716,6375
3294,7730,300
3295,9119,8160
3296,7008,556
3297,9336,4355
3298,4452,1948
3299,5319,5038
3300,2332,3846
3301,8818,3180
3302,2366,5566
3303,6595,4619
3304,8324,6926
3305,3068,6567
3306,8920,3265
3307,5281,4871
3308,3867,8652
3309,7764,2692
3310,1166,164
3311,4879,2610
3312,2484,80
3313,6441,60
3314,2015,732
3315,4587,8608
3316,9047,6758
3317,8380,3876
3318,1593,2169
3319,9193,8932
3320,5084,6212
3321,4736,1594
3322,8191,2455
3323,2139,3256
3324,5102,7497
3325,5707,1300
3326,8499,1736
3327,554,6321
3328,2824,1790
3329,7522,9862
3330,9595,3804
3331,5372,8381
3332,7467,4198
3333,2768,602
3334,7071,1722
3335,5003,5893
3336,1878,5262
3337,9615,6743
3338,3417,7638
3339,8740,909
3340,8412,8591
3341,5980,6364
3342,4851,3275
3343,1316,3489
3344,3441,6665
3345,7271,611
3346,4060,3280
3347,7805,9272
3348,3229,3288
3349,8176,3616
3350,5587,645
3351,9071,6738
3352,4710,7457
3353,155,4050
3354,9193,8628
3355,4206,75
3356,8122,3346
3357,9580,3662
3358,9811,674
3359,8898,8743
3360,1218,6183
3361,7579,233
3362,7558,3405
3363,4498,7878
3364,7920,6401
3365,8113,5516
3366,9433,8717
3367,6488,4591
3368,4930,4143
3369,441,6607
3370,1029,7988
3371,9711,8742
3372,5787,9030
3373,9423,64
3374,3176,3280
3375,5191,151
3376,1392,2922
3377,5652,75
3378,4173,358
3379,4223,5114
3380,5960,1349
3381,2551,2641
3382,1860,7814
3383,8730,6495
3384,283,2508
3385,9708,1554
3386,448,251
3387,3562,4657
3388,676,9327
3389,9801,6853
3390,6644,938
3391,8664,1333
3392,2703,2856
3393,8388,3932
3394,7045,6527
3395,7641,4297
3396,6842,9592
3397,9494,4083
3398,4938,7109
3399,1145,871
3400,7735,3902
3401,4682,8768
3402,9582,5948
3403,8436,4625
3404,2872,3569
3405,3757,5346
3406,460,4626
3407,2839,596
3408,626,5219
3409,5423,5571
3410,8594,3213
3411,3123,6231
3412,2794,2014
3413,1857,1879
3414,5022,7373
3415,1530,8443
3416,2570,904
3417,2549,9083
3418,723,7436
3419,5968,1850
3420,8252,3888
3421,5745,7177
3422,8581,3599
3423,6778,5401
3424,8749,8528
3425,3851,4801
3426,9448,9683
3427,2050,7031
3428,6395,955
3429,7581,687
3430,8612,7282
3431,7024,4814
3432,8439,9438
3433,8290,2681
3434,7251,4814
3435,1602,7743
3436,1492,5504
3437,8423,9583
3438,801,6243
3439,9380,4920
3440,8357,3491
3441,9018,5579
3442,5883,5942
3443,5960,9311
3444,9154,7106
3445,9646,417
3446,544,6121
3447,2223,1109
3448,8291,1523
3449,8053,9709
3450,7634,4710
3451,6926,5301
3452,3779,4932
3453,9332,9129
3454,4230,962
3455,4874,3332
3456,7918,1808
3457,6882,3606
3458,7727,3865
3459,347,6912
3460,1794,8889
3461,9320,4687
3462,9862,8358
3463,4668,9907
3464,8817,8476
3465,8641,251
3466,2693,921
3467,9433,2479
3468,9373,6866
3469,4539,7594
3470,3478,7264
3471,1999,4738
3472,5371,1051
3473,3381,4180
3474,7608,1921
3475,4078,433
3476,3616,2354
3477,4718,6831
3478,6954,4747
3479,1546,9245
3480,2262,5566
3481,8588,8296
3482,5934,6970
3483,7061,8899
3484,5927,2492
3485,1090,9014
3486,9383,5922
3487,2615,1637
3488,8432,6504
3489,9015,7675
3490,8778,5553
3491,3574,9812
3492,7343,5203
3493,1782,7140
3494,256,8015
3495,8237,8263
3496,5397,5483
3497,6280,5046
3498,7970,2414
3499,7464,9843
3500,4725,2024
3501,6555,3473
3502,91,2859
3503,6838,4210
3504,2290,7882
3505,6798,8910
3506,6169,2093
3507,6262,3245
3508,6564,7806
3509,6786,8594
3510,700,5875
3511,4554,7269
3512,3971,4904
3513,8602,6235
3514,3189,1880
3515,7462,883
3516,7258,2312
3517,4555,9343
3518,7848,480
3519,4641,7501
3520,1669,2327
3521,5404,6034
3522,6842,6746
3523,6082,3986
3524,6899,3752
3525,2343,1134
3526,9250,1469
3527,9171,394
3528,7972,3641
3529,4053,6073
3530,6859,3389
3531,1810,7912
3532,2667,9489
3533,5622,7685
3534,32,3540
3535,5994,8586
3536,2988,7681
3537,2054,473
3538,959,4987
3539,6382,8997
3540,3407,101
3541,9400,5226
3542,3943,1137
3543,1630,6315
3544,4251,4994
3545,6383,7910
3546,6249,3055
3547,3104,7926
3548,3403,8583
3549,5919,6037
3550,6841,7868
3551,6536,8124
3552,3724,5566
3553,8832,7336
3554,1341,7797
3555,399,5499
3556,9836,5401
3557,3547,2220
3558,6493,4065
3559,7247,1435
3560,780,1399
3561,8922,2469
3562,5009,6245
3563,8164,7793
3564,8927,6398
3565,3883,9781
3566,390,9163
3567,2588,2584
3568,792,8512
3569,494,1476
3570,7065,8714
3571,5480,3831
3572,3295,6472
3573,8386,2231
3574,9353,2931
3575,3112,3151
3576,9212,5052
3577,9563,3611
3578,5096,1584
3579,6498,5660
3580,2218,3002
3581,3903,6536
3582,3291,4645
3583,892,1921
3584,8965,6892
3585,8419,6704
3586,7525,209
3587,301,3742
3588,1579,2950
3589,2274,5983
3590,7615,9243
3591,4303,1803
3592,7311,4516
3593,2790,1802
3594,2899,5894
3595,783,8588
3596,6209,8495
3597,7916,7314
3598,411,5599
3599,6747,636
3600,4662,7078
3601,1588,7024
3602,5958,924
3603,5826,9699
3604,7814,1543
3605,6591,5128
3606,8787,1436
3607,5767,9059
3608,6856,1029
3609,8703,6872
3610,8436,9275
3611,9294,3636
3612,2903,6496
3613,3113,583
3614,3756,1948
3615,1453,5101
3616,6128,3043
3617,2757,6424
3618,721,3999
3619,1148,5980
3620,6801,6158
3621,4668,8406
3622,2826,1194
3623,2533,2410
3624,3307,3489
3625,2617,231
3626,2289,2050
3627,484,6121
3628,4305,7379
3629,4841,6731
3630,7825,7729
3631,1687,1687
3632,6278,260
3633,9770,3516
3634,6968,6270
3635,4830,7131
3636,5986,2337
3637,6847,3454
3638,9094,4538
3639,3835,8676
3640,8237,6670
3641,3673,9213
3642,1132,927
3643,1267,7679
3644,3330,8347
3645,1967,9219
3646,9854,9409
3647,1004,7391
3648,2749,3744
3649,8551,9201
3650,7857,5022
3651,7484,6452
3652,829,1202
3653,3482,1746
3654,5468,4655
3655,975,919
3656,4338,9182
3657,8483,1693
3658,6411,7959
3659,4625,6089
3660,4639,4075
3661,5696,1410
3662,5127,1584
3663,6928,2201
3664,1689,5802
3665,6639,121
3666,9790,9139
3667,1739,7965
3668,2085,7719
3669,1250,4728
3670,6129,5854
3671,6389,8949
3672,1437,2774
3673,3659,5659
3674,2560,5885
3675,6578,6668
3676,7339,6088
3677,704,9275
3678,5408,3635
3679,4631,6792
3680,1324,9686
3681,6519,1498
3682,7189,7808
3683,1550,7336
3684,6559,226
3685,2938,7539
3686,8791,4794
3687,7391,3251
3688,9683,8554
3689,3636,9884
3690,3777,3701
3691,8696,12
3692,3963,4454
3693,5266,6132
3694,1372,7405
3695,9846,4545
3696,7517,5671
3697,9619,8455
3698,3192,105
3699,2553,6297
3700,3406,5224
3701,6888,1223
3702,6980,8
3703,9251,8852
3704,903,2910
3705,7124,2242
3706,8576,5780
3707,7289,6717
3708,5779,9162
3709,9244,3249
3710,8289,8547
3711,3904,4424
3712,3678,2211
3713,919,9556
3714,701,4706
3715,6352,2373
3716,9447,2621
3717,4382,5240
3718,2682,2474
3719,3876,4365
3720,5374,6582
3721,3565,6563
3722,9251,4862
3723,8120,2098
3724,6262,6518
3725,6336,1540
3726,2050,8072
3727,7065,1825
3728,9843,6684
3729,7878,4117
3730,9351,6960
3731,7608,9392
3732,2605,4213
3733,8705,9403
3734,9455,7063
3735,5127,6514
3736,7707,6262
3737,3636,6050
3738,2636,7781
3739,4153,6127
3740,2793,8879
3741,675,1026
3742,4803,8385
3743,7494,4751
3744,2594,5815
3745,4565,8207
3746,5657,6903
3747,2356,6014
3748,9893,52
3749,2837,9762
3750,9557,3264
3751,7854,9830
3752,2611,6514
3753,6924,8067
3754,5089,351
3755,8017,7834
3756,6383,9400
3757,4040,3136
3758,6345,8576
3759,3241,4438
3760,8588,9337
3761,8216,2660
3762,8969,3818
3763,72,4098
3764,9058,8046
3765,7997,9331
3766,8834,8683
3767,6399,9006
3768,8009,1518
3769,5659,3610
3770,1349,3344
3771,1011,6805
3772,6924,7415
3773,5525,9825
3774,6054,5276
3775,1641,3068
3776,8951,9668
3777,6531,5066
3778,9770,797
3779,8729,1569
3780,3705,2263
3781,9071,7345
3782,8328,9932
3783,7630,6542
3784,5330,7261
3785,8195,5435
3786,5724,3851
3787,483,3621
3788,7413,7887
3789,1948,6617
3790,2479,8982
3791,9815,7683
3792,1863,4845
3793,1866,3892
3794,5551,1252
3795,7242,8638
3796,3966,7298
3797,4397,5120
3798,4589,5334
3799,733,4809
3800,674,8837
3801,9497,2762
3802,121,9636
3803,8341,2925
3804,8286,1491
3805,7890,6796
3806,6040,5956
3807,7193,6735
3808,6943,9224
3809,8048,6582
3810,6334,2725
3811,1855,9471
3812,7124,1221
3813,5276,7748
3814,8468,3277
3815,6146,3412
3816,2332,6424
3817,5024,1804
3818,8738,6160
3819,2526,4482
3820,2490,8777
3821,5531,5998
3822,3157,1130
3823,3730,9189
3824,3124,1208
3825,9498,7908
3826,2346,881
3827,9916,8149
3828,8127,1058
3829,7008,1569
3830,9904,3318
3831,5696,7314
3832,3780,971
3833,1614,164
3834,8778,2818
3835,9489,3224
3836,5134,3187
3837,8827,6195
3838,1610,5627
3839,8246,9897
3840,3033,2275
3841,2972,2290
3842,8519,2574
3843,8406,903
3844,9236,510
3845,7068,2764
3846,6743,7396
3847,1067,7561
3848,7487,4914
3849,9061,5302
3850,7829,1167
3851,4227,930
3852,7645,2630
3853,2773,1712
3854,6380,5307
3855,713,4703
3856,8163,5724
3857,9850,149
3858,6681,9087
3859,928,7351
3860,2391,6430
3861,6453,5495
3862,4812,7451
3863,1592,9115
3864,5953,8001
3865,4106,8630
3866,5383,346
3867,7798,549
3868,9212,855
3869,1598,5704
3870,7789,4735
3871,2768,5594
3872,1237,502
3873,8215,4447
3874,9972,9385
3875,2030,5994
3876,3291,4948
3877,1935,6584
3878,9459,4096
3879,7658,2236
3880,989,8156
3881,7825,968
3882,7492,3671
3883,4032,8500
3884,8143,4664
3885,4874,7727
3886,8114,538
3887,414,7343
3888,5028,1927
3889,5609,3030
3890,6844,5311
3891,4581,1555
3892,9140,9893
3893,542,2434
3894,1056,8982
3895,6149,2738
3896,4696,9335
3897,9198,7280
3898,9088,9723
3899,2900,9621
3900,9560,2702
3901,541,825
3902,5088,3712
3903,4952,6898
3904,7428,177
3905,8738,6813
3906,9045,8677
3907,7303,215
3908,6343,6389
3909,6710,7081
3910,71,9986
3911,9742,5774
3912,8677,9830
3913,1012,8179
3914,8623,1769
3915,4967,6442
3916,9502,1965
3917,570,9706
3918,1289,6726
3919,7856,5206
3920,7431,7577
3921,8455,936
3922,1891,5712
3923,3354,8458
3924,7272,392
3925,4490,7905
3926,1643,3735
3927,936,407
3928,4952,3917
3929,185,8947
3930,5781,870
3931,8731,8407
3932,6163,7640
3933,8951,9382
3934,5714,6992
3935,3068,3552
3936,5620,3
3937,747,5291
3938,9466,692
3939,2834,8048
3940,7930,6929
3941,9600,4351
3942,546,954
3943,8055,6751
3944,7815,3951
3945,9599,1686
3946,3270,3669
3947,4582,9074
3948,3899,8917
3949,422,1250
3950,2176,416
3951,3103,2451
3952,4605,3427
3953,4884,2731
3954,6702,9635
3955,3634,2732
3956,5506,3462
3957,5705,4181
3958,4831,2798
3959,1519,6603
3960,211,6754
3961,5994,9439
3962,6406,218
3963,7996,7708
3964,859,2583
3965,4364,1392
3966,8117,5100
3967,6350,1285
3968,9510,3645
3969,276,9354
3970,1795,4131
3971,6093,258
3972,6947,6538
3973,428,6521
3974,9862,1895
3975,5733,5711
3976,4595,7736
3977,9504,3570
3978,4761,9194
3979,5695,9004
3980,2887,833
3981,6604,7398
3982,9319,520
3983,3596,1431
3984,2884,9381
3985,4016,5054
3986,7261,632
3987,2474,3288
3988,9186,6144
3989,7596,1486
3990,907,3306
3991,5707,5998
3992,8296,1895
3993,179,4884
3994,787,6792
3995,8357,4356
3996,2002,4169
3997,5564,1735
3998,2312,8615
3999,9261,5680
4000,3291,7631
4001,5499,4506
4002,3216,7173
4003,1994,2096
4004,2146,7133
4005,7196,7416
4006,7186,314
4007,4840,4845
4008,7145,913
4009,3336,9751
4010,2392,6665
4011,2625,4905
4012,4800,6609
4013,9022,2823
4014,8094,9549
4015,6581,1954
4016,8334,8735
4017,5243,9234
4018,7536,9214
4019,9747,9695
4020,3528,1046
4021,7121,3883
4022,5295,2843
4023,5533,1487
4024,8888,8891
4025,2835,2817
4026,1421,4480
4027,8728,8031
4028,8135,6942
4029,2391,8202
4030,9899,8431
4031,5609,1554
4032,5954,2872
4033,4434,6474
4034,4466,2904
4035,8600,632
4036,3544,1229
4037,847,5947
4038,439,2466
4039,8272,6953
4040,6745,8649
4041,3176,2820
4042,6212,4337
4043,9292,7369
4044,9304,6884
4045,8683,5269
4046,8757,5760
4047,6923,6179
4048,2858,5216
4049,3269,998
4050,8344,1110
4051,6605,4912
4052,5077,1319
4053,4074,5949
4054,8924,3811
4055,2724,5711
4056,1953,8543
4057,7771,9590
4058,1826,5345
4059,1875,9932
4060,5289,5143
4061,2685,2346
4062,271,9781
4063,994,8651
4064,9339,2633
4065,4488,4555
4066,8615,1341
4067,3879,2891
4068,4739,2296
4069,1893,6548
4070,1171,6897
4071,9869,9781
4072,5363,801
4073,4143,1322
4074,5291,6403
4075,3633,9451
4076,7438,2171
4077,4818,7327
4078,9180,5265
4079,6767,8763
4080,1352,9049
4081,8527,156
4082,1587,8319
4083,4041,8940
4084,3943,2900
4085,8565,5891
4086,1392,592
4087,7104,9150
4088,3572,4835
4089,5305,4101
4090,4868,5612
4091,3352,2363
4092,2490,9876
4093,5806,6647
4094,6098,6088
4095,9688,954
4096,8854,9522
4097,8333,7628
4098,6305,3043
4099,1479,5960
4100,7093,6991
4101,1470,384
4102,7783,6052
4103,848,9374
4104,7752,312
4105,9005,6169
4106,3391,1663
4107,8334,6240
4108,9874,134
4109,8197,886
4110,2020,5055
4111,8816,6282
4112,4232,2169
4113,3095,1185
4114,1763,7307
4115,4117,675
4116,1680,7660
4117,3076,8639
4118,5869,2098
4119,6593,6171
4120,7010,7910
4121,9502,8908
4122,6578,672
4123,3222,4638
4124,1817,5557
4125,1403,6240
4126,1366,7513
4127,4315,2448
4128,5107,9746
4129,8929,2030
4130,8111,8363
4131,7416,9648
4132,1980,7473
4133,731,6674
4134,1284,7998
4135,7271,5431
4136,7159,8879
4137,3570,9040
4138,6351,2292
4139,9908,9800
4140,1492,4596
4141,5475,6138
4142,92,9643
4143,6878,6495
4144,4522,4353
4145,239,7448
4146,9319,7287
4147,5763,9732
4148,8990,5585
4149,1766,2542
4150,5841,7115
4151,6487,6711
4152,6714,1481
4153,6315,1195
4154,9947,3023
4155,7757,835
4156,9383,665
4157,9219,1558
4158,4089,8520
4159,5500,2716
4160,6450,6522
4161,7221,3985
4162,657,6532
4163,8619,3826
4164,4090,9919
4165,7370,3016
4166,8441,797
4167,9124,126
4168,6543,4342
4169,1230,1568
4170,5931,7987
4171,3012,3394
4172,4165,7350
4173,3517,6906
4174,7251,5092
4175,1913,2299
4176,9502,7424
4177,4854,7247
4178,4927,4838
4179,4178,128
4180,6243,2576
4181,4347,1587
4182,1022,4072
4183,2226,2385
4184,9451,331
4185,1822,4771
4186,3282,3558
4187,5693,8474
4188,2626,1424
4189,5222,4585
4190,765,5412
4191,1481,6415
4192,9731,3449
4193,5335,4709
4194,1751,3088
4195,3198,5744
4196,2798,4073
4197,1309,1235
4198,4901,7809
4199,6902,6100
4200,2466,60
4201,9361,2729
4202,3619,4668
4203,6749,7311
4204,451,7228
4205,33,8775
4206,5595,1947
4207,753,7405
4208,6917,4152
4209,1180,6214
4210,75,358
4211,2098,6630
4212,4894,8924
4213,8979,7564
4214,3091,9164
4215,3203,9994
4216,4599,493
4217,1257,2036
4218,4868,392
4219,3511,9860
4220,8524,9916
4221,7699,6968
4222,6321,4910
4223,1476,7049
4224,1015,7856
4225,3401,7368
4226,4673,5372
4227,1763,7
4228,6344,9118
4229,8578,2242
4230,5578,1196
4231,9805,4408
4232,8127,482
4233,155,5386
4234,9815,8686
4235,6351,3966
4236,7264,4549
4237,673,6240
4238,9923,144
4239,326,9286
4240,205,8871
4241,1425,5199
4242,5867,4503
4243,4675,7559
4244,3471,2579
4245,8910,2217
4246,720,6181
4247,1000,7570
4248,2638,4927
4249,1771,2270
4250,5042,2099
4251,1753,3521
4252,5539,7691
4253,6157,4452
4254,4981,7973
4255,8876,2729
4256,860,3295
4257,1738,4957
4258,7839,5307
4259,456,6778
4260,4088,463
4261,7883,4646
4262,9591,5388
4263,2265,8923
4264,8134,1400
4265,3437,1860
4266,1352,9114
4267,3066,144
4268,1386,3906
4269,1483,1718
4270,4059,6594
4271,4552,8566
4272,6536,6317
4273,9894,1768
4274,32,5531
4275,4326,8371
4276,2582,3094
4277,8141,5835
4278,2677,5380
4279,6787,3352
4280,1726,3633
4281,6932,7184
4282,4444,3639
4283,8485,3728
4284,8121,9357
4285,6529,9516
4286,6505,7498
4287,81,960
4288,516,7413
4289,2329,8130
4290,4562,9547
4291,7615,9111
4292,9806,139
4293,1719,494
4294,5181,8769
4295,3146,5165
4296,7016,989
4297,1077,406
4298,6148,7423
4299,4014,2037
4300,8611,2194
4301,8641,2761
4302,3491,9090
4303,9448,6492
4304,1157,4075
4305,1545,737
4306,248,4848
4307,8377,9929
4308,5428,2132
4309,3406,8514
4310,898,7976
4311,2323,2845
4312,1672,9394
4313,4020,4810
4314,9667,4262
4315,5545,9170
4316,9533,1667
4317,6368,2225
4318,3470,4909
4319,3171,7038
4320,4430,3571
4321,5544,8552
4322,4536,3133
4323,519,9327
4324,7659,9059
4325,9350,3004
4326,7418,5324
4327,320,8285
4328,3107,8242
4329,8933,3553
4330,4317,6190
4331,1195,1196
4332,3786,4166
4333,9218,56
4334,3516,2064
4335,85,2505
4336,4548,6881
4337,1595,3035
4338,8389,7942
4339,5741,4858
4340,2871,7470
4341,851,1390
4342,6360,4130
4343,2824,8545
4344,9629,9714
4345,7644,7694
4346,3462,4302
4347,2071,6183
4348,1007,7981
4349,9178,2803
4350,9330,6846
4351,322,8898
4352,2858,536
4353,7894,9503
4354,835,5936
4355,1168,8993
4356,6237,2887
4357,6105,5885
4358,6703,8141
4359,8172,5612
4360,3353,5830
4361,6732,3701
4362,8289,1415
4363,9521,3158
4364,5423,4990
4365,4494,2004
4366,996,1499
4367,6574,3533
4368,9413,3598
4369,3197,758
4370,2966,942
4371,8147,2102
4372,8481,3443
4373,6187,670
4374,2213,6433
4375,8850,707
4376,1291,8850
4377,7914,6714
4378,2084,7615
4379,6222,3710
4380,3567,5531
4381,3312,4305
4382,6583,2764
4383,6542,3693
4384,9848,4982
4385,2468,4566
4386,1458,7317
4387,5674,1710
4388,5542,5174
4389,9934,3844
4390,2893,1123
4391,5757,9162
4392,4552,3066
4393,3594,5041
4394,5746,7642
4395,9409,7923
4396,6626,3033
4397,4309,9949
4398,5149,6980
4399,8261,9735
4400,600,643
4401,6974,3265
4402,6139,4184
4403,6874,3340
4404,7184,420
4405,4006,1635
4406,6891,4311
4407,7345,788
4408,3012,8050
4409,5888,8526
4410,9215,7498
4411,2286,9304
4412,2653,9948
4413,8001,5260
4414,6651,1559
4415,5672,2575
4416,4840,5706
4417,1216,8301
4418,6261,9803
4419,102,5861
4420,148,5057
4421,4422,7375
4422,8323,543
4423,5186,5414
4424,9042,5182
4425,1631,8278
4426,1567,4806
4427,5817,4994
4428,2467,7080
4429,1383,3634
4430,6662,7482
4431,3417,1976
4432,4861,784
4433,3358,5006
4434,9748,595
4435,2162,8429
4436,374,4369
4437,5300,3548
4438,8121,9330
4439,2645,6611
4440,3879,9282
4441,4508,4731
4442,4182,7295
4443,583,2261
4444,6361,8817
4445,5964,5923
4446,9872,4640
4447,1886,4631
4448,4363,8903
4449,9915,1350
4450,3980,9220
4451,4386,984
4452,8825,3160
4453,2578,6846
4454,1873,7761
4455,7149,3297
4456,5878,8929
4457,7755,723
4458,5288,5179
4459,3483,2036
4460,8147,7162
4461,1957,4740
4462,9358,8078
4463,7018,6687
4464,8005,148
4465,7469,2490
4466,497,9328
4467,6235,9993
4468,2738,4506
4469,1301,890
4470,1502,7778
4471,4750,9521
4472,1412,1889
4473,336,7489
4474,3113,3550
4475,41,1444
4476,4,5321
4477,7619,2743
4478,4501,5319
4479,3874,1605
4480,9103,7851
4481,8630,7391
4482,9223,9245
4483,9056,8693
4484,4116,1930
4485,721,67
4486,294,2600
4487,8285,378
4488,7524,5572
4489,6399,2841
4490,8526,2986
4491,5078,7145
4492,1840,9136
4493,2877,9442
4494,3847,7424
4495,5913,573
4496,9182,6144
4497,6923,4887
4498,1458,4079
4499,6421,7983
4500,7300,6446
4501,9177,7389
4502,7292,6856
4503,397,5966
4504,1003,5440
4505,907,8752
4506,4521,3030
4507,869,6598
4508,9820,7269
4509,7269,2792
4510,6634,9116
4511,9923,7307
4512,5542,8118
4513,6736,72
4514,2134,6073
4515,9214,1820
4516,133,5256
4517,5986,9948
4518,8565,5061
4519,3122,7138
4520,8268,1015
4521,441,2872
4522,607,339
4523,1914,2976
4524,1980,42
4525,3121,6605
4526,8305,8175
4527,1124,946
4528,3514,2643
4529,4072,1877
4530,2727,9487
4531,6352,5152
4532,3260,6269
4533,3105,3668
4534,5267,7316
4535,7617,9993
4536,6140,6318
4537,1933,3111
4538,388,1351
4539,8009,3402
4540,307,1620
4541,8323,7350
4542,1983,4030
4543,8513,8743
4544,5791,2730
4545,9672,6387
4546,7210,9382
4547,4846,9870
4548,3965,6978
4549,6503,9433
4550,2091,4296
4551,9628,2281
4552,846,6025
4553,1163,5199
4554,524,4214
4555,6631,4489
4556,2742,7207
4557,2703,8517
4558,3002,6300
4559,2140,3197
4560,9144,670
4561,2804,5124
4562,8401,3041
4563,3613,9787
4564,27,5497
4565,6379,1216
4566,5217,5941
4567,5929,1251
4568,1431,636
4569,950,8854
4570,4524,1699
4571,7399,8497
4572,1512,2632
4573,2123,3568
4574,3972,3614
4575,8876,873
4576,7401,7429
4577,2144,3533
4578,6673,2469
4579,3919,9035
4580,4346,1383
4581,5311,2747
4582,7129,2016
4583,2972,9774
4584,6811,6427
4585,995,4095
4586,1686,3266
4587,9373,4902
4588,5982,5433
4589,6969,2665
4590,211,4135
4591,3746,3775
4592,7096,3521
4593,3552,6195
4594,3518,7893
4595,9114,7601
4596,1471,8736
4597,7961,4560
4598,2695,956
4599,7319,252
4600,1949,8058
4601,1878,8991
4602,7231,9047
4603,6782,5419
4604,5483,910
4605,1342,7174
4606,4634,2715
4607,1524,8755
4608,7734,5783
4609,2231,1417
4610,2877,9509
4611,7217,418
4612,2190,3543
4613,8715,1202
4614,7520,7886
4615,9248,450
4616,8497,6908
4617,8947,9320
4618,2044,6631
4619,413,4309
4620,308,7917
4621,2734,5242
4622,5965,4351
4623,4837,7720
4624,2858,219
4625,4619,8915
4626,6512,9290
4627,9273,8050
4628,9082,8722
4629,873,5301
4630,6742,7273
4631,5418,2659
4632,9020,6535
4633,4958,1424
4634,9135,2470
4635,5550,3207
4636,8092,2441
4637,6173,9610
4638,6287,8726
4639,5225,3171
4640,182,8977
4641,878,2277
4642,2557,7511
4643,2324,4580
4644,7431,1636
4645,137,862
4646,3278,4753
4647,3770,9108
4648,4866,333
4649,5178,8041
4650,6077,5271
4651,7333,3814
4652,248,2565
4653,7102,4744
4654,3670,6597
4655,1669,7111
4656,5358,8813
4657,6308,1811
4658,3510,2864
4659,8152,4397
4660,6154,7552
4661,7869,8815
4662,9340,3595
4663,3843,7321
4664,5862,5252
4665,1372,7209
4666,5915,6590
4667,87,6054
4668,955,4055
4669,7655,4313
4670,4261,7263
4671,2060,9
4672,1175,979
4673,8771,5826
4674,2945,4586
4675,8521,5233
4676,7735,9100
4677,9483,5582
4678,5509,7626
4679,3913,6997
4680,3533,6078
4681,952,4147
4682,4987,2592
4683,7591,3275
4684,9034,9201
4685,2730,9058
4686,8512,5992
4687,258,4893
4688,6724,4359
4689,7725,2292
4690,720,4649
4691,5113,99
4692,6417,3546
4693,3540,2813
4694,3083,9619
4695,6256,6030
4696,3434,9296
4697,4066,9851
4698,4771,304
4699,7321,6440
4700,5081,4281
4701,5691,6630
4702,4987,9829
4703,5275,9606
4704,122,5565
4705,5767,8943
4706,5961,896
4707,1646,7368
4708,3517,5135
4709,575,1090
4710,9524,2617
4711,8284,3445
4712,2898,1166
4713,446,2806
4714,3206,2210
4715,7522,3601
4716,2299,2289
4717,5760,2777
4718,6538,5241
4719,5100,9737
4720,6733,1336
4721,9893,1862
4722,8670,5779
4723,539,1507
4724,3694,2543
4725,5327,8576
4726,9746,3072
4727,1938,8785
4728,600,2668
4729,3247,5382
4730,1927,5467
4731,4,8364
4732,6372,8750
4733,6907,975
4734,8657,8617
4735,8056,6058
4736,4592,6958
4737,1483,8989
4738,3445,6038
4739,7173,7370
4740,8473,8687
4741,7751,5260
4742,8875,445
4743,2341,4756
4744,6945,7726
4745,1706,8897
4746,8524,271
4747,373,6331
4748,7145,916
4749,4673,7868
4750,6420,2248
4751,7043,5340
4752,7095,8865
4753,9916,7528
4754,9248,686
4755,4367,7966
4756,9649,3761
4757,8396,8632
4758,3425,5091
4759,2266,9026
4760,3568,7480
4761,3619,1594
4762,919,4736
4763,2089,547
4764,9342,3815
4765,9078,9861
4766,3735,458
4767,7666,5684
4768,6535,1382
4769,6542,8028
4770,5877,4527
4771,541,262
4772,75,9817
4773,4306,362
4774,7594,8967
4775,4787,5777
4776,8250,1358
4777,8397,693
4778,2318,8804
4779,3490,3159
4780,6854,507
4781,46,5516
4782,238,5812
4783,9239,8870
4784,9492,5889
4785,5923,1547
4786,8119,1740
4787,2819,9044
4788,9738,8445
4789,9420,3460
4790,2696,2732
4791,8102,4371
4792,7058,7843
4793,4414,9126
4794,980,2079
4795,3126,540
4796,3493,131
4797,9869,5591
4798,493,5337
4799,9689,869
4800,8481,3174
4801,4863,7963
4802,3082,5945
4803,7461,5165
4804,4627,112
4805,9024,5164
4806,7809,8502
4807,7719,8860
4808,9197,3117
4809,1640,1873
4810,4205,7044
4811,872,8278
4812,4481,2869
4813,9814,7801
4814,8952,6014
4815,1433,9382
4816,8163,4569
4817,2104,2895
4818,7105,5739
4819,7816,8213
4820,3722,9317
4821,5040,3701
4822,9223,2522
4823,9864,6370
4824,6382,9134
4825,4800,634
4826,4444,8791
4827,4525,2456
4828,2507,5396
4829,8494,1110
4830,51,7574
4831,1293,1293
4832,3341,4510
4833,4160,6587
4834,8418,2245
4835,7023,3551
4836,5938,1282
4837,5505,9955
4838,6512,1724
4839,4031,6311
4840,4922,4300
4841,9114,5270
4842,439,253
4843,5832,3383
4844,6553,6083
4845,1673,3938
4846,4067,1733
4847,6792,1741
4848,6932,9993
4849,4541,3299
4850,7616,7547
4851,6351,144
4852,3439,3753
4853,4758,443
4854,7279,4798
4855,7679,8479
4856,7733,4521
4857,4793,56
4858,3313,1241
4859,2125,3847
4860,7855,1511
4861,9114,7170
4862,7978,5216
4863,9998,7707
4864,8779,2398
4865,864,3595
4866,9423,7842
4867,6522,8283
4868,2198,1040
4869,2405,9519
4870,3240,1622
4871,2908,2927
4872,3650,3898
4873,3187,1172
4874,6750,3808
4875,2672,6299
4876,8625,9077
4877,5703,3912
4878,8573,7323
4879,3427,8619
4880,3623,4449
4881,5360,6072
4882,4851,8413
4883,902,8917
4884,8795,6937
4885,6640,7493
4886,398,8136
4887,6923,6827
4888,3029,643
4889,730,4542
4890,4834,9653
4891,2518,5256
4892,7105,2799
4893,4194,410
4894,6912,7640
4895,8764,5936
4896,9787,2117
4897,5152,9404
4898,8416,6033
4899,6391,8290
4900,2833,6233
4901,6348,8095
4902,7719,6871
4903,3647,6759
4904,6052,9672
4905,5491,4778
4906,1265,9260
4907,5634,9698
4908,9846,4282
4909,4000,1003
4910,440,7485
4911,5884,7183
4912,3500,4495
4913,1331,4781
4914,7514,8721
4915,3343,6197
4916,2764,2276
4917,269,787
4918,22,7399
4919,7372,822
4920,144,9613
4921,6113,4604
4922,6239,7674
4923,1912,3388
4924,306,5930
4925,661,2351
4926,1047,4062
4927,5640,3419
4928,6637,6852
4929,6878,6638
4930,4965,8209
4931,500,4836
4932,8146,542
4933,4935,4308
4934,2079,8909
4935,9319,6989
4936,927,4726
4937,4170,8089
4938,3760,242
4939,636,603
4940,3865,8499
4941,532,9946
4942,3490,8478
4943,2002,218
4944,4563,1526
4945,7957,1203
4946,8437,8134
4947,2585,4912
4948,8260,5435
4949,9677,9655
4950,454,4460
4951,7043,3040
4952,3221,9223
4953,3504,1523
4954,8504,9337
4955,4275,7074
4956,7280,8073
4957,3330,3889
4958,6110,6481
4959,4320,4910
4960,6578,3898
4961,2299,1584
4962,1022,2100
4963,8322,9776
4964,9752,6735
4965,9588,5118
4966,1263,1832
4967,5124,162
4968,8277,403
4969,2984,9184
4970,2171,6706
4971,8752,3639
4972,5354,5615
4973,1779,4118
4974,1901,220
4975,3525,1803
4976,9164,7956
4977,7190,7706
4978,2468,173
4979,3956,7494
4980,1442,3869
4981,8128,2639
4982,1902,4422
4983,2222,5304
4984,2020,5824
4985,9894,5667
4986,3853,9505
4987,3911,6860
4988,4076,3243
4989,59,4223
4990,7429,1906
4991,6566,3670
4992,904,9768
4993,72,2099
4994,4267,9975
4995,706,7431
4996,4757,8891
4997,8629,2572
4998,5175,4010
4999,2118,8133
