n = 6000
Tp = 1
ts = 4000
r = 7000
0,1875,4611
1,4826,3403
2,2503,6140
3,4161,2264
4,975,5573
5,9886,5585
6,3781,3744
7,564,1329
8,1665,1561
9,1442,8941
10,7598,1668
11,4216,6680
12,5853,7960
13,7830,8210
14,1188,1015
15,8719,5086
16,1790,9449
17,1324,9567
18,2534,2452
19,9133,7998
20,6222,1290
21,6987,4187
22,7193,7103
23,6953,6381
24,5129,6150
25,4969,6727
26,4386,2055
27,9547,7466
28,2766,3534
29,1631,9425
30,9290,3683
31,1884,1501
32,3549,3746
33,8169,4797
34,5432,2167
35,4776,4313
36,7545,1720
37,7315,811
38,1434,6222
39,942,8587
40,7894,5264
41,956,3750
42,3116,9918
43,4078,506
44,9676,7688
45,9910,2241
46,8238,8873
47,4585,6903
48,7282,6771
49,2627,6825
50,9921,1688
51,981,9436
52,9683,7122
53,5865,1095
54,1786,7152
55,1942,8703
56,380,3805
57,7951,4365
58,8894,5614
59,4613,2765
60,2971,9288
61,4925,1494
62,6612,9324
63,1837,3457
64,2689,4689
65,9503,1080
66,5925,4812
67,3272,6796
68,2400,5437
69,8546,7202
70,3999,2457
71,8949,8348
72,2686,4352
73,5637,7856
74,717,43
75,3941,1703
76,8592,2996
77,6137,2484
78,4992,2369
79,9817,4974
80,7951,8190
81,9905,4348
82,2185,2710
83,8613,9645
84,2469,8958
85,5122,5473
86,6603,2542
87,6736,9895
88,6784,6380
89,1636,2723
90,8397,4279
91,929,3963
92,4958,1694
93,7022,8767
94,8086,4827
95,6787,4979
96,3231,6927
97,3293,7787
98,527,4010
99,1473,8386
100,5702,615
101,3597,1766
102,1828,1522
103,9642,5523
104,3144,6967
105,1678,282
106,8002,6440
107,8830,8494
108,9434,395
109,5312,5852
110,5418,8078
111,494,7428
112,2358,9992
113,4886,8520
114,764,445
115,1839,7712
116,7078,4541
117,9879,663
118,7053,3241
119,5351,2293
120,2791,2787
121,1336,6010
122,2353,5154
123,3998,4980
124,407,6959
125,6594,6013
126,4288,7711
127,4030,1781
128,5320,621
129,4466,9639
130,7653,8002
131,787,4426
132,922,3412
133,4419,8710
134,4729,1832
135,2748,1793
136,1235,9270
137,8421,1958
138,8268,3912
139,1879,3056
140,8186,5230
141,9449,6184
142,5884,1457
143,9944,3433
144,8936,5873
145,8643,6092
146,2940,9998
147,7058,4389
148,933,5472
149,3190,4233
150,5550,8899
151,8811,3098
152,2288,914
153,2347,7729
154,2392,2846
155,7868,4007
156,9751,7820
157,2185,1680
158,9075,889
159,2927,8501
160,6586,4186
161,3838,7084
162,9606,2948
163,7535,8261
164,5804,4004
165,1044,8483
166,9263,525
167,5946,8550
168,5506,2412
169,9692,9953
170,7546,2329
171,2866,669
172,6913,3884
173,9350,7337
174,999,7626
175,1575,316
176,7059,1675
177,8822,5305
178,4712,5304
179,2510,2590
180,2802,3526
181,4001,9705
182,4144,3738
183,6589,7302
184,2715,120
185,5789,5721
186,7524,9532
187,7227,2517
188,7261,9380
189,6068,1912
190,9933,728
191,4132,4867
192,5975,9831
193,2689,8217
194,3620,751
195,9187,2659
196,7884,3017
197,5808,2189
198,4116,7390
199,5414,5345
200,7218,5962
201,626,8990
202,4316,332
203,7645,8836
204,1470,3254
205,390,2591
206,3066,2120
207,1675,6062
208,6457,8323
209,5089,5087
210,1888,3421
211,2803,3256
212,3774,592
213,2358,5540
214,9937,7774
215,6251,6121
216,2073,54
217,894,6482
218,1060,7820
219,6892,3550
220,6920,1400
221,9009,4532
222,4784,7789
223,6911,1824
224,9549,4724
225,6363,9855
226,2990,4148
227,4225,1203
228,9979,9552
229,503,9747
230,8154,7022
231,8223,1955
232,4708,4816
233,3526,6555
234,9186,9936
235,266,5430
236,7553,3964
237,3561,5097
238,1636,8908
239,8660,2718
240,3881,1100
241,6418,5165
242,1140,3114
243,5985,1334
244,903,5054
245,2839,5997
246,8595,705
247,1319,6338
248,6968,7675
249,3615,2972
250,1288,5341
251,2077,785
252,282,7719
253,5010,2180
254,8747,6712
255,3839,460
256,6142,7536
257,7020,4925
258,8052,4467
259,4792,2358
260,3879,8508
261,8778,598
262,7744,4571
263,8357,1355
264,4184,9037
265,3819,6232
266,2780,3942
267,1528,1523
268,2937,8014
269,7551,8168
270,6551,261
271,8643,6253
272,5155,7108
273,8363,5332
274,2916,6386
275,4360,8054
276,7310,9903
277,6995,50
278,9829,6833
279,2735,1506
280,633,4248
281,1678,8870
282,2928,256
283,8768,5823
284,8754,1315
285,2486,8938
286,8990,4184
287,1828,9958
288,2281,9548
289,1764,8068
290,2790,3131
291,7431,4571
292,4961,9611
293,6871,4629
294,8390,1478
295,2697,9962
296,7663,3538
297,7726,8295
298,5482,478
299,6568,7706
300,9817,1931
301,3497,9308
302,8370,6596
303,2726,4491
304,23,12
305,6635,1027
306,4320,4419
307,6217,4137
308,1300,9060
309,5898,8660
310,9079,6190
311,6661,280
312,3613,541
313,6781,1856
314,573,3204
315,4052,8263
316,1392,2842
317,828,3524
318,6153,4302
319,2174,3759
320,6015,8423
321,3572,4852
322,5877,7597
323,1216,3923
324,5818,78
325,8784,9298
326,6588,350
327,6153,8784
328,7352,558
329,6400,7558
330,6204,8583
331,7000,3212
332,8990,3539
333,4293,6916
334,7829,4521
335,3583,5959
336,6965,2035
337,4434,5243
338,9256,9037
339,6578,4846
340,3688,2845
341,764,2818
342,5641,8585
343,6008,1333
344,7251,9289
345,6875,3339
346,4669,986
347,3720,2922
348,2661,8332
349,4230,2338
350,6428,6601
351,701,6631
352,8126,323
353,5834,1900
354,9919,3736
355,5714,4702
356,929,3716
357,8836,5898
358,4226,3460
359,422,2780
360,8242,9410
361,9073,4853
362,6659,114
363,7625,536
364,2137,1528
365,8468,6145
366,1745,1203
367,925,3426
368,2573,522
369,4208,4172
370,4077,1426
371,8869,5830
372,1450,4233
373,970,9805
374,2651,6546
375,5464,6217
376,7147,8573
377,3016,6263
378,2194,8450
379,782,5384
380,8399,5098
381,8307,4357
382,3863,410
383,5169,1709
384,6967,3613
385,7816,5229
386,5270,893
387,942,5227
388,2118,9054
389,1362,7696
390,7673,1207
391,9057,7487
392,5135,6190
393,9826,8597
394,1950,4318
395,4988,3551
396,539,5800
397,4023,131
398,2404,1539
399,5312,5388
400,7248,9057
401,9510,5525
402,9550,816
403,1265,1889
404,8762,2505
405,8258,4949
406,5150,9304
407,4853,1507
408,3877,6105
409,4292,6660
410,2698,5883
411,1237,1040
412,9056,6660
413,6692,589
414,7099,5649
415,8059,7634
416,4203,9160
417,6429,8551
418,4744,5148
419,6338,3899
420,2217,2028
421,508,3425
422,2239,1497
423,5337,8313
424,702,2641
425,5393,3494
426,7612,6157
427,9423,1249
428,1874,7923
429,477,6729
430,5296,9753
431,40,1428
432,988,4903
433,2226,5879
434,1034,8679
435,7350,4638
436,4232,2268
437,4822,2409
438,944,6748
439,7872,9028
440,5569,7132
441,3791,577
442,6215,4486
443,9006,5171
444,7478,473
445,6647,9033
446,9718,3598
447,4858,1878
448,5928,4098
449,7161,9785
450,5607,7141
451,5120,6846
452,6122,5933
453,930,2656
454,6614,9207
455,5518,8985
456,5280,7692
457,2816,5687
458,143,5404
459,3684,8621
460,6304,1546
461,7238,9811
462,9507,9332
463,4885,9179
464,9971,4653
465,8021,1762
466,8627,6536
467,7940,4862
468,116,5283
469,8388,2410
470,1443,9694
471,9847,635
472,9503,3254
473,2649,5566
474,4776,6531
475,1639,2049
476,9379,1034
477,5725,3131
478,3402,6688
479,7853,7000
480,5776,1116
481,4972,7540
482,4226,6214
483,6966,3907
484,9801,3234
485,7522,6651
486,1980,1860
487,4880,911
488,5811,9903
489,7182,6122
490,3158,3150
491,1402,9396
492,6852,7373
493,2066,9587
494,9855,9157
495,1703,1504
496,7812,8082
497,7280,8005
498,8216,7379
499,7211,2945
500,5022,1310
501,1182,9256
502,5286,5661
503,4780,3913
504,3807,7689
505,8659,6733
506,8493,1713
507,721,6713
508,2950,3079
509,9207,6784
510,7398,9335
511,8006,6745
512,6914,6885
513,6102,5800
514,8121,2770
515,4198,3643
516,3175,3691
517,653,963
518,979,4558
519,6447,8861
520,6520,1769
521,283,4684
522,689,3665
523,1057,5221
524,5422,8107
525,7617,5719
526,8291,1611
527,1758,7989
528,3023,1031
529,5074,6881
530,2633,8951
531,1755,8454
532,4951,3516
533,1427,386
534,5465,1914
535,3981,3374
536,6290,9427
537,1323,988
538,7958,5489
539,7645,2380
540,6687,5567
541,3988,7339
542,2554,9557
543,564,8584
544,2382,3982
545,792,9524
546,3389,6119
547,2639,2902
548,130,7991
549,1364,3528
550,5818,7477
551,8859,4849
552,624,1291
553,8295,9983
554,5985,4485
555,857,4689
556,7838,5254
557,6195,415
558,4207,1479
559,2203,6647
560,4804,7436
561,8395,9221
562,1703,3350
563,6773,6990
564,7821,9390
565,9539,4457
566,4780,2116
567,6700,681
568,2550,8565
569,1347,331
570,6740,4546
571,3002,2153
572,702,7651
573,5140,5129
574,5318,7031
575,1463,6230
576,804,7494
577,4208,6569
578,2092,9478
579,5025,3651
580,3100,9462
581,3013,3673
582,1889,8987
583,5972,236
584,9178,3508
585,1314,8019
586,2164,1052
587,1826,696
588,740,2235
589,7305,8781
590,5779,3049
591,4413,6425
592,5155,1329
593,779,3618
594,2512,2125
595,8711,7944
596,1746,9732
597,9694,3036
598,9375,7549
599,8824,8491
600,2045,5934
601,5626,636
602,9253,2373
603,1479,961
604,963,9890
605,4327,8285
606,8186,7488
607,4767,4003
608,3956,5247
609,2752,6054
610,6103,3295
611,8284,4370
612,6788,1418
613,66,4742
614,4057,4958
615,2907,9549
616,4613,2949
617,8397,136
618,4603,371
619,7213,5881
620,3856,3964
621,8689,3726
622,3983,3664
623,3107,6009
624,2716,693
625,3122,3832
626,2230,414
627,6931,1285
628,8677,8685
629,1365,5100
630,1426,6530
631,8033,2628
632,8022,1071
633,448,1340
634,4955,1146
635,7670,8276
636,3375,2045
637,5485,1397
638,4582,1646
639,8189,222
640,3359,6102
641,454,2108
642,7263,6657
643,8768,6005
644,9978,2449
645,618,2225
646,6560,62
647,2063,1701
648,6819,5230
649,4326,813
650,3415,5725
651,9160,7221
652,1427,7193
653,6653,853
654,3876,1709
655,7455,5575
656,1296,344
657,5536,9814
658,4663,8457
659,1816,8085
660,4502,5498
661,8246,3257
662,1798,9222
663,7031,4915
664,1,2855
665,4661,7822
666,868,5472
667,5495,1745
668,7952,4356
669,470,2146
670,187,7778
671,8703,2456
672,611,2014
673,8052,4875
674,4803,4204
675,8525,3290
676,4734,5595
677,1597,6312
678,5719,2556
679,9103,6579
680,9443,6734
681,8239,6499
682,1303,1208
683,4533,9644
684,9131,7314
685,8924,7072
686,8672,3744
687,4720,1892
688,125,315
689,1878,1533
690,6789,5662
691,3670,7367
692,8165,3546
693,1619,66
694,6313,2519
695,523,8121
696,6350,7415
697,7401,208
698,7602,568
699,296,6329
700,8376,679
701,7506,5315
702,6935,3419
703,5303,4624
704,5810,2741
705,6617,8914
706,7331,3954
707,6132,9825
708,4624,6410
709,6763,9147
710,5311,2808
711,9037,6201
712,7798,1686
713,5047,2521
714,6923,3669
715,707,9741
716,858,9718
717,4910,1776
718,4613,5256
719,9542,4592
720,1381,8798
721,5186,7229
722,8895,3948
723,9949,1980
724,8050,8510
725,5562,9736
726,2125,325
727,3915,7910
728,9533,1535
729,8492,4867
730,5460,9714
731,1978,700
732,1637,3477
733,1362,2313
734,9820,8810
735,84,6776
736,2411,6076
737,1157,1442
738,5726,6849
739,1956,5819
740,5616,2060
741,1844,3803
742,5559,4498
743,5784,6772
744,8746,7302
745,3054,8208
746,6451,8259
747,4034,1209
748,4751,3830
749,9571,3636
750,513,9622
751,354,4987
752,4151,1409
753,7686,1765
754,2933,9172
755,2333,4564
756,4814,3814
757,4029,1674
758,1217,6625
759,4825,3129
760,4159,7791
761,6239,5862
762,4986,605
763,8925,9961
764,3065,8782
765,9028,4180
766,9065,6783
767,7413,5773
768,174,7090
769,4312,4314
770,3303,4649
771,812,5800
772,1663,3105
773,8009,7816
774,5871,3081
775,80,1671
776,2320,4445
777,4500,8456
778,8639,6659
779,9346,5792
780,6394,5345
781,7259,5485
782,1750,681
783,5890,8628
784,2835,7715
785,5345,1302
786,9079,6165
787,5782,782
788,2295,1441
789,9643,1305
790,6709,283
791,9955,9715
792,4050,726
793,6000,154
794,9492,3690
795,4722,2929
796,2259,8419
797,7258,8339
798,510,1673
799,7660,4194
800,5499,2888
801,9891,9627
802,523,2252
803,3646,2776
804,1067,5242
805,7064,1282
806,1063,4349
807,9110,6272
808,1545,5548
809,5945,2432
810,7391,3509
811,9299,4193
812,1147,8440
813,2822,1051
814,2451,5282
815,7080,539
816,2937,7861
817,5107,9823
818,4021,6576
819,7432,635
820,4879,6496
821,836,4501
822,8313,9939
823,5723,8211
824,3880,9220
825,1569,879
826,7427,7640
827,2136,5859
828,4531,6788
829,8179,6263
830,7851,3737
831,72,3781
832,7138,4621
833,5684,5285
834,6043,4567
835,7417,7770
836,9302,7495
837,7571,5864
838,2271,9184
839,3400,864
840,9523,6146
841,8749,8729
842,1347,8344
843,4757,8845
844,98,1723
845,5508,5309
846,7785,8625
847,786,1362
848,7641,6326
849,6684,97
850,9344,6677
851,9236,8106
852,6580,7139
853,6936,1166
854,1277,7928
855,9664,314
856,9008,5435
857,6513,8836
858,2133,4920
859,2479,6016
860,3258,5857
861,5007,160
862,7552,7183
863,3738,630
864,9171,3123
865,2477,6071
866,6904,1613
867,4957,7567
868,2606,6727
869,6456,3770
870,8647,3936
871,2871,7302
872,1088,9217
873,5872,1427
874,2748,7501
875,4200,3939
876,6927,4025
877,8246,2100
878,2438,9573
879,5410,2647
880,9076,9431
881,1740,3916
882,9878,8787
883,4217,4300
884,1176,3673
885,775,5139
886,17,2411
887,5586,1048
888,5289,8056
889,1024,5834
890,3340,6378
891,9655,7224
892,6662,5529
893,4078,5165
894,1965,1818
895,8640,1415
896,3135,5447
897,4093,6450
898,5984,860
899,330,7958
900,8165,4827
901,2361,8586
902,2799,5245
903,9204,1987
904,1711,3942
905,5939,6125
906,2616,7748
907,8637,1780
908,275,7587
909,8779,4543
910,3787,2287
911,5511,2938
912,2120,1864
913,7379,4879
914,4729,7259
915,9047,7025
916,8522,3011
917,3842,420
918,3478,3115
919,4097,3484
920,741,3070
921,4142,8000
922,502,8637
923,2288,2554
924,233,4109
925,7792,6095
926,3363,3850
927,9387,4982
928,7412,4220
929,5523,1702
930,1189,7797
931,513,1424
932,8586,5987
933,3669,7014
934,7960,6712
935,2766,8806
936,4624,4580
937,3749,6888
938,4025,9196
939,947,8288
940,6892,3913
941,8066,7183
942,1385,9711
943,7345,5837
944,2087,6008
945,802,8571
946,2040,6317
947,2125,8584
948,3802,5936
949,8823,1138
950,9642,9881
951,4990,2615
952,9876,9771
953,4187,6359
954,8005,4162
955,9466,4407
956,8977,7788
957,1173,9573
958,8880,8417
959,3500,275
960,1060,464
961,1153,8898
962,5670,8215
963,2576,2205
964,2014,7598
965,6380,9646
966,4304,129
967,6805,4881
968,3315,8345
969,7925,7747
970,3694,757
971,857,1174
972,3132,5130
973,6893,2692
974,9118,2564
975,4496,1549
976,9407,5704
977,6503,5408
978,8195,3272
979,7981,5298
980,8376,7985
981,232,2301
982,1775,4693
983,5127,5672
984,3540,6880
985,2935,8319
986,3032,1289
987,6581,5375
988,9776,9287
989,4878,6256
990,1782,2205
991,6962,5295
992,557,8420
993,1063,679
994,723,1539
995,6249,7692
996,1263,2877
997,9375,1827
998,8889,9384
999,9849,8033
1000,7769,9749
1001,5013,8767
1002,8967,2993
1003,6113,3623
1004,3570,8023
1005,7851,8670
1006,4764,6415
1007,6997,4893
1008,1842,1047
1009,7220,8045
1010,4410,4541
1011,8119,8878
1012,6261,3942
1013,7828,1589
1014,5700,5694
1015,6174,6880
1016,2374,508
1017,8691,1959
1018,3407,8945
1019,1138,145
1020,3701,3629
1021,2633,9376
1022,6468,1455
1023,5277,6842
1024,8161,7495
1025,3779,4533
1026,1356,8585
1027,9275,8846
1028,6574,880
1029,2348,3541
1030,146,7164
1031,3482,4361
1032,5136,9369
1033,1780,4780
1034,7460,9982
1035,1034,5234
1036,7022,8975
1037,1068,636
1038,6674,5199
1039,1486,5963
1040,9231,8566
1041,6600,9699
1042,4109,7979
1043,9001,6958
1044,3279,6894
1045,3659,9225
1046,7864,6581
1047,8897,3119
1048,1179,208
1049,4045,3808
1050,7418,267
1051,9343,1838
1052,1952,4144
1053,7832,9604
1054,3322,5462
1055,8957,355
1056,3183,666
1057,2646,9211
1058,8305,8472
1059,9094,8002
1060,3868,9190
1061,7365,212
1062,1403,1629
1063,4808,2119
1064,8746,6357
1065,3842,9625
1066,1397,5756
1067,4100,8344
1068,640,5363
1069,8961,4302
1070,7856,118
1071,3100,7256
1072,4694,5013
1073,1970,9729
1074,9452,9779
1075,1076,1695
1076,5240,1850
1077,7309,9706
1078,3502,8665
1079,7314,6980
1080,4193,7820
1081,7255,4954
1082,5242,902
1083,6574,8437
1084,4593,6414
1085,1034,6365
1086,5544,3699
1087,3698,539
1088,9464,6492
1089,8513,9482
1090,18,2801
1091,7322,5705
1092,6615,6576
1093,4152,2655
1094,1796,9405
1095,8755,4636
1096,8709,2681
1097,6960,8599
1098,5435,3533
1099,4688,6329
1100,6808,4083
1101,8248,7685
1102,4486,5921
1103,6512,6163
1104,7687,3955
1105,8837,3784
1106,7016,3221
1107,6825,4836
1108,2559,9322
1109,5578,791
1110,3811,331
1111,8336,608
1112,1290,3583
1113,6288,7940
1114,7757,7283
1115,9438,7304
1116,3720,7863
1117,1087,2763
1118,3118,7493
1119,5932,7618
1120,1178,1103
1121,4274,5313
1122,4608,3443
1123,4071,3859
1124,6737,5741
1125,5239,2407
1126,1613,5017
1127,7772,7911
1128,6403,7460
1129,3020,8037
1130,8228,2079
1131,6940,805
1132,6358,3822
1133,7475,3313
1134,9108,691
1135,4233,8381
1136,6899,5985
1137,5470,7560
1138,4255,1856
1139,9719,5435
1140,2147,3469
1141,8738,4353
1142,4056,5515
1143,9627,7747
1144,7781,2218
1145,5672,1055
1146,7221,4866
1147,1583,6132
1148,7670,4476
1149,1751,4941
1150,3229,8029
1151,4699,6135
1152,2134,9328
1153,7627,3857
1154,953,4895
1155,6141,9919
1156,1129,3214
1157,2129,5259
1158,6791,3012
1159,4194,5353
1160,1491,2086
1161,9511,1477
1162,6674,2178
1163,1162,9867
1164,6347,4597
1165,848,1346
1166,27,3002
1167,3943,3174
1168,664,655
1169,8286,8768
1170,6067,1029
1171,4093,2148
1172,1974,8452
1173,3798,6248
1174,8109,2152
1175,3779,8588
1176,8786,7213
1177,8719,4346
1178,2368,4578
1179,7713,1180
1180,2361,4909
1181,9106,8020
1182,7939,3499
1183,3616,2091
1184,2461,8514
1185,2843,458
1186,9775,7541
1187,9516,926
1188,9791,7571
1189,1446,6652
1190,4320,3676
1191,3524,2609
1192,2693,3681
1193,6386,4708
1194,4708,359
1195,1272,9947
1196,9685,9016
1197,6641,4423
1198,9033,1766
1199,2266,3197
1200,744,396
1201,8261,9073
1202,6723,6531
1203,525,3729
1204,8424,3806
1205,8932,5339
1206,3779,723
1207,4345,2700
1208,4513,9671
1209,6197,9254
1210,7264,6532
1211,4740,8157
1212,35,2681
1213,4593,927
1214,4546,6223
1215,6457,862
1216,669,9587
1217,8050,2459
1218,4673,5476
1219,6549,5872
1220,4995,4795
1221,2806,3385
1222,3978,8866
1223,5924,7776
1224,1225,8387
1225,1004,7285
1226,9370,3534
1227,7080,1286
1228,5558,934
1229,1093,8961
1230,8160,632
1231,8514,3347
1232,6321,7929
1233,2724,4235
1234,2846,652
1235,2934,3136
1236,5383,3564
1237,3166,1547
1238,1881,3580
1239,9131,1107
1240,98,9833
1241,378,2931
1242,8228,4648
1243,5864,1338
1244,7011,1169
1245,7890,4031
1246,2376,7032
1247,824,1567
1248,1224,1876
1249,6128,4741
1250,5967,7005
1251,1350,1556
1252,8662,3735
1253,5969,9892
1254,8259,1317
1255,4017,5350
1256,8800,9356
1257,3173,9526
1258,1428,2662
1259,1801,9724
1260,2765,3136
1261,5804,3711
1262,5455,6000
1263,2991,7815
1264,9733,9174
1265,1706,1517
1266,2582,5357
1267,2137,1617
1268,7076,6158
1269,7091,1287
1270,7038,5314
1271,3467,6576
1272,1766,5042
1273,4591,2400
1274,860,8541
1275,2606,8161
1276,3304,8565
1277,9895,8628
1278,1319,5158
1279,7436,5055
1280,9373,7764
1281,3813,9943
1282,3561,640
1283,2321,6779
1284,6870,4230
1285,5943,8122
1286,6877,9590
1287,2555,19
1288,1128,9166
1289,1917,311
1290,4210,9216
1291,4267,2237
1292,5610,8629
1293,8054,1938
1294,6390,6894
1295,7026,2650
1296,8515,5314
1297,8854,8008
1298,5803,169
1299,1124,9237
1300,6272,7123
1301,6259,2753
1302,2228,2150
1303,5319,4691
1304,8491,2147
1305,7330,5166
1306,3384,916
1307,4356,6515
1308,7620,6452
1309,9310,45
1310,9502,2554
1311,8325,4557
1312,2300,4740
1313,6177,1234
1314,8015,5660
1315,4773,20
1316,5413,9801
1317,4665,238
1318,8519,9205
1319,2643,6086
1320,2211,8678
1321,1396,2266
1322,516,6204
1323,2862,4200
1324,8941,4742
1325,8259,857
1326,6869,8449
1327,2281,8284
1328,7547,9294
1329,2314,6203
1330,635,4462
1331,5032,7132
1332,3401,12
1333,9134,2230
1334,458,360
1335,385,6910
1336,6339,7292
1337,8101,6141
1338,6313,9388
1339,2236,9279
1340,3383,4831
1341,2857,2475
1342,1885,3844
1343,659,3738
1344,6725,3763
1345,3093,3414
1346,2530,5346
1347,8114,865
1348,8961,4896
1349,8870,5726
1350,6225,1169
1351,1335,7679
1352,6959,1287
1353,1386,2317
1354,570,921
1355,4962,2158
1356,5990,3539
1357,1988,5638
1358,5516,5369
1359,1670,7436
1360,2926,2409
1361,7461,6855
1362,9959,9868
1363,3654,1622
1364,1185,2681
1365,1364,9449
1366,4785,6663
1367,3624,1695
1368,9244,4732
1369,6999,4668
1370,9501,2998
1371,2229,7079
1372,1903,629
1373,6391,8494
1374,5172,1524
1375,7702,5526
1376,4584,8546
1377,3648,2098
1378,6784,4769
1379,3000,447
1380,4668,3051
1381,2653,2267
1382,7324,6827
1383,7688,4464
1384,8254,7247
1385,5840,5056
1386,5349,4152
1387,7288,9262
1388,3349,8555
1389,1127,663
1390,7691,4536
1391,2248,1355
1392,8634,7220
1393,552,972
1394,704,7109
1395,5932,2882
1396,2871,5433
1397,7445,7480
1398,4519,2115
1399,3340,6566
1400,6936,2916
1401,4264,7740
1402,6342,3154
1403,6399,6536
1404,2941,1847
1405,584,7605
1406,932,4089
1407,6222,96
1408,5158,3041
1409,3489,6647
1410,8859,4091
1411,1159,1057
1412,5045,7721
1413,3520,1028
1414,4278,9971
1415,9719,967
1416,3151,9743
1417,2484,532
1418,7171,8393
1419,8926,3513
1420,635,5279
1421,4078,6300
1422,2178,3932
1423,9839,489
1424,9536,431
1425,5041,9897
1426,2164,215
1427,5244,880
1428,6795,4669
1429,4930,4499
1430,717,7854
1431,2781,4709
1432,5782,2419
1433,8856,6141
1434,7106,3727
1435,8666,2021
1436,6994,8837
1437,4812,4753
1438,3275,356
1439,220,3769
1440,6221,7952
1441,3898,6581
1442,3601,8173
1443,8960,8405
1444,6092,9562
1445,4062,7594
1446,6449,3512
1447,4851,4116
1448,1762,6454
1449,4152,3081
1450,3094,9819
1451,9862,5023
1452,4582,9710
1453,4152,3750
1454,9858,7077
1455,5515,2421
1456,8929,6809
1457,3409,8191
1458,5237,9778
1459,4773,1282
1460,6445,4612
1461,5209,7276
1462,7860,3638
1463,3340,7081
1464,3942,3851
1465,775,6782
1466,1443,4766
1467,9734,3964
1468,5788,1087
1469,6420,3393
1470,2859,4820
1471,6511,1520
1472,5295,6398
1473,4474,9035
1474,1908,9818
1475,1,2107
1476,4705,2735
1477,9831,845
1478,2763,715
1479,1532,4392
1480,8935,1093
1481,8314,9182
1482,29,3742
1483,415,6079
1484,8648,9722
1485,3477,9989
1486,4922,1892
1487,9340,7200
1488,3356,5651
1489,3545,7422
1490,1746,3463
1491,5559,501
1492,5085,8191
1493,3196,8401
1494,9274,1771
1495,7847,6261
1496,393,1257
1497,4165,5135
1498,5304,3471
1499,9155,1485
1500,989,2212
1501,9134,8662
1502,34,8394
1503,9334,7703
1504,8027,7787
1505,2273,2538
1506,5379,8496
1507,2268,3428
1508,516,3064
1509,956,1116
1510,7062,5451
1511,1506,7891
1512,8607,444
1513,4828,5284
1514,9016,7460
1515,649,9290
1516,3520,5440
1517,1333,2680
1518,777,7897
1519,5026,6153
1520,9280,4636
1521,503,9925
1522,9963,8374
1523,5458,6140
1524,2107,7070
1525,4394,5250
1526,2529,991
1527,3024,5783
1528,9197,8208
1529,6051,1282
1530,3377,3377
1531,322,2537
1532,7460,324
1533,2396,6736
1534,7026,3702
1535,8707,3083
1536,1265,8825
1537,9023,4402
1538,4718,9999
1539,6191,1232
1540,4998,2517
1541,75,3736
1542,833,3497
1543,9477,2949
1544,5416,1370
1545,9997,4779
1546,6759,5771
1547,7988,3119
1548,8542,5139
1549,2584,8704
1550,7681,1492
1551,4557,801
1552,4191,4597
1553,2013,6181
1554,3056,3391
1555,2663,7509
1556,424,7872
1557,1939,1744
1558,1144,1392
1559,8117,7696
1560,3060,7486
1561,320,6869
1562,670,805
1563,3409,4704
1564,961,2144
1565,4300,3470
1566,9258,8583
1567,9557,1039
1568,561,3798
1569,7493,5378
1570,3509,4168
1571,6332,6959
1572,7013,6485
1573,2133,9824
1574,3084,3669
1575,5573,381
1576,5476,1440
1577,1549,5890
1578,4426,7411
1579,2096,1855
1580,3106,8385
1581,3374,3597
1582,4929,5796
1583,9262,9032
1584,6985,9662
1585,4762,5933
1586,2786,7009
1587,2836,7889
1588,4642,4038
1589,903,2779
1590,7343,3790
1591,2824,2783
1592,5772,8179
1593,6395,5688
1594,1232,7626
1595,8546,818
1596,4180,8840
1597,1808,1937
1598,9354,3214
1599,956,9121
1600,3179,8354
1601,6065,4411
1602,6553,1899
1603,1266,6992
1604,4691,3737
1605,3195,8005
1606,311,2702
1607,9410,987
1608,7105,4109
1609,6413,4938
1610,6418,3342
1611,7021,9322
1612,9900,3755
1613,5847,142
1614,5849,1402
1615,8020,3949
1616,4540,7494
1617,9022,5502
1618,2479,6908
1619,2699,8639
1620,9339,9408
1621,7158,9570
1622,3702,4586
1623,9640,8997
1624,1239,3553
1625,7878,1517
1626,8853,481
1627,1524,8878
1628,845,1020
1629,5511,5592
1630,6642,1787
1631,8024,7073
1632,9311,8782
1633,8693,3228
1634,6408,104
1635,1681,1220
1636,9967,9984
1637,2060,8919
1638,2786,7397
1639,8973,2209
1640,7889,3058
1641,5627,3347
1642,8285,5002
1643,4251,7024
1644,8124,8272
1645,2964,5044
1646,7226,2629
1647,7454,1873
1648,1097,7614
1649,9465,3432
1650,7145,562
1651,6154,5168
1652,2706,6365
1653,3504,7798
1654,7726,6948
1655,9829,7154
1656,4100,4422
1657,7504,6049
1658,7615,9018
1659,6903,5716
1660,4397,5451
1661,1665,8581
1662,2979,509
1663,9338,7521
1664,2318,9498
1665,3056,9270
1666,6260,3246
1667,202,4522
1668,5929,4251
1669,904,517
1670,2701,9434
1671,149,2861
1672,7235,959
1673,4889,9084
1674,8269,5239
1675,7627,2384
1676,8563,5185
1677,5044,2046
1678,2466,9158
1679,5614,308
1680,4897,9814
1681,4316,6106
1682,30,2032
1683,7939,8276
1684,2999,7598
1685,3062,183
1686,6261,1147
1687,4079,4837
1688,3283,3442
1689,1257,6679
1690,2524,5044
1691,2843,3462
1692,2162,118
1693,2431,9781
1694,4075,4756
1695,7008,7567
1696,5414,6854
1697,1521,3993
1698,5580,8366
1699,4011,3507
1700,6017,1562
1701,6015,3456
1702,4041,9340
1703,9193,1615
1704,3495,8339
1705,7637,5494
1706,5153,1222
1707,3627,602
1708,1327,2525
1709,1814,1374
1710,6498,5868
1711,5747,469
1712,3026,2541
1713,8933,4149
1714,1856,1705
1715,4277,1002
1716,1306,658
1717,7222,6452
1718,6365,4864
1719,9351,3919
1720,5396,6662
1721,8801,5309
1722,4718,3536
1723,6976,8546
1724,2206,5468
1725,9727,5883
1726,9852,2546
1727,8620,8603
1728,9145,4801
1729,3834,1140
1730,7519,6551
1731,5685,9822
1732,3063,5596
1733,5665,3752
1734,4436,428
1735,8683,8152
1736,4701,5119
1737,9185,8208
1738,1625,5303
1739,8109,1888
1740,50,9877
1741,5372,1025
1742,2523,5481
1743,46,9781
1744,1646,6660
1745,5846,5401
1746,4606,1259
1747,1056,6387
1748,4283,4251
1749,8162,446
1750,7076,7107
1751,2171,1695
1752,4567,3282
1753,5769,3492
1754,2036,7262
1755,4823,6344
1756,7440,6702
1757,2706,1717
1758,4884,3509
1759,2781,7030
1760,4485,4171
1761,4363,6056
1762,5455,3434
1763,8457,2365
1764,3963,4146
1765,9022,812
1766,2272,3641
1767,858,4280
1768,1973,4003
1769,3516,3915
1770,2197,3401
1771,8416,3375
1772,4155,7001
1773,6757,7098
1774,7916,1978
1775,6061,819
1776,900,3899
1777,2861,437
1778,824,1575
1779,7252,2495
1780,7931,6374
1781,377,1909
1782,3868,7635
1783,141,3879
1784,492,4437
1785,5071,4827
1786,5102,8669
1787,3838,7545
1788,9831,5083
1789,9785,6100
1790,5989,2301
1791,178,4000
1792,4844,5574
1793,4850,3892
1794,3147,6134
1795,1574,9582
1796,5134,891
1797,438,6509
1798,5772,6020
1799,9046,7855
1800,3024,3838
1801,1942,8279
1802,149,1341
1803,1940,890
1804,6634,2425
1805,9793,551
1806,7269,482
1807,7809,7392
1808,5076,9729
1809,5868,7242
1810,4638,6828
1811,3986,1053
1812,6616,678
1813,9611,3656
1814,8596,2705
1815,9755,8500
1816,7268,8432
1817,8309,8275
1818,4316,2686
1819,4599,1781
1820,5397,6517
1821,6179,8583
1822,1790,4940
1823,5421,8904
1824,3693,1440
1825,3488,8041
1826,6756,5581
1827,3868,929
1828,8062,8089
1829,1946,7738
1830,7464,8317
1831,1888,6668
1832,8332,1185
1833,7135,7347
1834,6329,3171
1835,3705,5391
1836,975,7540
1837,7729,9352
1838,2822,4383
1839,6715,1660
1840,9342,1750
1841,2418,8679
1842,5584,5035
1843,9768,7950
1844,5972,6425
1845,5272,8712
1846,364,8076
1847,1495,8841
1848,558,8643
1849,5257,6028
1850,463,1376
1851,3024,4060
1852,1994,9274
1853,6816,1583
1854,5775,2144
1855,861,4591
1856,5689,9801
1857,1254,6519
1858,7640,7036
1859,8107,8167
1860,6589,2873
1861,6664,20
1862,500,8931
1863,1174,8655
1864,1883,8203
1865,3607,944
1866,2513,2154
1867,8512,7503
1868,5226,4186
1869,3363,3422
1870,8511,8802
1871,9945,278
1872,3618,1692
1873,3519,7101
1874,6047,6804
1875,440,3697
1876,1037,1135
1877,3888,4836
1878,2708,5766
1879,3120,9156
1880,2841,5981
1881,749,4997
1882,3525,324
1883,8795,9277
1884,8020,1690
1885,4751,5307
1886,8505,1145
1887,8499,7141
1888,7886,5458
1889,1042,8573
1890,1736,8838
1891,8147,1344
1892,9690,6366
1893,5826,6475
1894,352,1463
1895,6009,2202
1896,8220,3341
1897,8159,4142
1898,5678,4435
1899,1287,1193
1900,4395,3405
1901,4809,8601
1902,9392,6842
1903,477,5103
1904,1952,9265
1905,4579,3644
1906,2313,3110
1907,1776,1159
1908,1797,7913
1909,5235,2541
1910,1693,9692
1911,3878,1317
1912,3223,4975
1913,5040,9215
1914,7824,2410
1915,343,3176
1916,7444,2534
1917,3203,7244
1918,8970,8152
1919,9149,2089
1920,4573,5579
1921,1238,6540
1922,3237,4745
1923,2532,3803
1924,2469,4502
1925,1303,5006
1926,1197,7769
1927,3418,4523
1928,9599,1047
1929,7589,6940
1930,4942,9150
1931,1055,126
1932,9043,6603
1933,2033,6121
1934,4810,4872
1935,9958,4807
1936,5513,1397
1937,6318,4659
1938,7488,1282
1939,8418,6080
1940,8683,1671
1941,7490,6851
1942,453,609
1943,2329,477
1944,9095,9945
1945,1570,1385
1946,6302,6017
1947,5092,6927
1948,331,8766
1949,4841,9730
1950,6739,93
1951,4412,492
1952,5719,3508
1953,9377,6980
1954,2142,8966
1955,638,4457
1956,6174,8017
1957,9863,2750
1958,5785,4632
1959,680,2850
1960,2164,3336
1961,4619,7563
1962,4019,5802
1963,8521,4110
1964,6800,6132
1965,2557,2045
1966,587,6012
1967,7892,109
1968,1083,5210
1969,3761,8243
1970,4371,9192
1971,5597,5691
1972,2639,4633
1973,8011,6325
1974,8173,2755
1975,8730,2588
1976,7769,74
1977,8339,5220
1978,3841,3338
1979,4386,5312
1980,9687,6785
1981,6594,8557
1982,4197,4439
1983,6721,7918
1984,9034,6316
1985,5779,4356
1986,9763,9516
1987,7154,9210
1988,69,6049
1989,3874,5083
1990,1766,6757
1991,4115,5584
1992,8443,4977
1993,2832,1258
1994,4572,7015
1995,5508,2680
1996,9140,8281
1997,2524,4918
1998,8485,8181
1999,9031,7218
2000,1288,6366
2001,9098,8028
2002,1954,2119
2003,4481,3769
2004,7858,8974
2005,9376,3812
2006,5510,1426
2007,1031,7426
2008,6317,4707
2009,8308,7872
2010,9720,4053
2011,1090,5835
2012,2874,9312
2013,767,2364
2014,8751,9943
2015,427,8686
2016,5784,7603
2017,7148,3053
2018,804,6828
2019,9230,1405
2020,570,644
2021,2920,8244
2022,1619,3503
2023,3243,4357
2024,884,2290
2025,2659,6362
2026,3193,4087
2027,8960,9725
2028,7422,2026
2029,6110,3379
2030,8454,4820
2031,4384,2182
2032,4911,4689
2033,619,9645
2034,2013,8768
2035,190,8362
2036,4610,2262
2037,1040,4591
2038,1743,1455
2039,6386,8750
2040,436,5779
2041,6243,3276
2042,2755,1809
2043,4450,2385
2044,2163,4811
2045,9774,367
2046,2304,3821
2047,7322,8445
2048,6432,523
2049,9324,8415
2050,1633,7990
2051,9956,1427
2052,5885,1242
2053,3498,170
2054,3503,6407
2055,4096,7008
2056,5232,5690
2057,9910,9387
2058,5642,7096
2059,3021,6188
2060,5134,7494
2061,3827,9285
2062,6272,5704
2063,5837,1560
2064,2592,2580
2065,3747,6343
2066,6484,7250
2067,7204,7725
2068,6512,163
2069,7195,7191
2070,6616,3898
2071,8025,1041
2072,7052,1163
2073,1890,1817
2074,1938,8783
2075,3172,3458
2076,8786,4305
2077,33,1688
2078,7994,3368
2079,6718,9418
2080,978,4290
2081,3,4105
2082,2298,6361
2083,5571,4379
2084,5087,5604
2085,3398,1292
2086,3020,3149
2087,6146,4179
2088,9533,2074
2089,9929,1964
2090,5647,6746
2091,9451,2871
2092,4820,8303
2093,6459,9852
2094,3026,9490
2095,879,9544
2096,8971,2455
2097,34,3625
2098,8583,8334
2099,964,9875
2100,1533,5459
2101,257,6876
2102,5665,5395
2103,5886,6890
2104,1367,7163
2105,399,7255
2106,694,4926
2107,9398,5758
2108,6263,1811
2109,2167,4901
2110,3372,377
2111,5623,2918
2112,3726,1608
2113,5074,3212
2114,5807,7510
2115,7115,6102
2116,4575,5170
2117,9582,3547
2118,4937,1488
2119,2850,2347
2120,5693,7298
2121,778,4238
2122,9209,9951
2123,5178,7659
2124,4032,1026
2125,8839,8951
2126,9165,8114
2127,807,9512
2128,2912,3337
2129,3544,3988
2130,9302,5956
2131,8748,7643
2132,4728,8934
2133,5138,3822
2134,4698,1273
2135,7072,8266
2136,4932,4626
2137,4620,6453
2138,4749,4351
2139,2666,8836
2140,6274,8384
2141,9424,8374
2142,727,5520
2143,6053,9121
2144,2740,782
2145,9511,1079
2146,5489,6188
2147,7580,9028
2148,9916,1459
2149,4385,6647
2150,4071,7761
2151,3102,4011
2152,5711,513
2153,4506,1744
2154,2390,7141
2155,9003,6507
2156,7602,9233
2157,9253,2023
2158,271,4807
2159,916,5670
2160,4175,1883
2161,8149,3384
2162,8466,531
2163,4046,6406
2164,1073,2109
2165,5374,7484
2166,6131,2141
2167,6543,321
2168,3571,4081
2169,3704,3540
2170,8217,866
2171,8415,516
2172,2868,3433
2173,8764,1516
2174,7497,940
2175,3384,8698
2176,4549,9428
2177,132,2699
2178,686,9500
2179,4566,2724
2180,3192,2312
2181,8863,7967
2182,5188,5344
2183,5496,7952
2184,3299,2935
2185,7690,6035
2186,2040,5084
2187,2860,725
2188,3659,3964
2189,7751,955
2190,8473,8562
2191,3238,1026
2192,6409,1741
2193,6553,9540
2194,2234,7644
2195,7369,6372
2196,2728,4408
2197,166,5654
2198,1645,4222
2199,4811,8942
2200,6340,8264
2201,6275,2403
2202,6936,5366
2203,7413,8768
2204,4747,4238
2205,5691,7879
2206,3955,110
2207,8193,5362
2208,2719,1114
2209,7368,9256
2210,3240,9350
2211,1018,7927
2212,3954,6465
2213,2584,1588
2214,8418,2268
2215,3358,429
2216,4649,3062
2217,9112,7975
2218,9998,4261
2219,3055,601
2220,8665,4995
2221,76,4468
2222,5452,4787
2223,4909,6269
2224,1996,990
2225,6709,4841
2226,445,7647
2227,9741,9428
2228,9101,7719
2229,5976,8893
2230,8454,3309
2231,453,9218
2232,7159,22
2233,2749,5379
2234,6380,2252
2235,9740,5302
2236,9417,2735
2237,9869,9175
2238,3558,1301
2239,7374,137
2240,8036,6431
2241,3491,6397
2242,6766,1081
2243,8758,6205
2244,2859,3501
2245,9740,2710
2246,5567,7862
2247,7186,5376
2248,3633,8204
2249,2950,2892
2250,5511,8912
2251,8755,5465
2252,6078,5845
2253,2388,5762
2254,2022,8889
2255,8265,3207
2256,8634,4143
2257,6311,8231
2258,3245,1707
2259,2634,5959
2260,5120,6329
2261,8102,5873
2262,7440,9626
2263,6923,8332
2264,1004,6539
2265,2087,2980
2266,6820,6756
2267,3333,1158
2268,1885,3211
2269,7187,1963
2270,9745,9266
2271,513,3966
2272,4307,4979
2273,8917,1659
2274,2256,5862
2275,1996,4869
2276,3633,7421
2277,7115,7572
2278,1821,3949
2279,8803,1066
2280,2635,5177
2281,8275,6641
2282,6805,5292
2283,9639,6419
2284,7801,4163
2285,1487,9188
2286,6617,9701
2287,7258,1824
2288,4242,5056
2289,2801,8157
2290,249,8640
2291,1392,1756
2292,1233,3310
2293,3151,7874
2294,5834,8068
2295,5007,445
2296,7363,5545
2297,1343,2645
2298,7520,1421
2299,3310,6593
2300,9687,7266
2301,8139,4435
2302,8116,533
2303,5529,6513
2304,2252,3800
2305,7662,6449
2306,8238,9389
2307,6331,2112
2308,6645,6657
2309,2021,4287
2310,8475,5202
2311,1025,8490
2312,5928,14
2313,8655,3398
2314,1672,5434
2315,2573,9991
2316,3722,2204
2317,3245,4315
2318,8452,9350
2319,3969,1895
2320,5364,1696
2321,5218,5356
2322,8049,4544
2323,4287,1125
2324,2561,6744
2325,3379,5951
2326,6228,3132
2327,9695,8709
2328,3661,3118
2329,2487,5703
2330,9264,8904
2331,1529,2135
2332,3415,9685
2333,9015,337
2334,7758,3261
2335,7814,9652
2336,655,3884
2337,1007,2464
2338,9144,1501
2339,5842,3742
2340,6344,5816
2341,4795,6342
2342,9161,4869
2343,4589,2545
2344,438,2235
2345,9834,5437
2346,9918,8986
2347,9189,9046
2348,8641,801
2349,2766,4423
2350,7015,4045
2351,2380,5517
2352,7424,9935
2353,6842,3027
2354,8502,1577
2355,6008,1967
2356,6254,8869
2357,8290,8073
2358,6494,8273
2359,7165,9139
2360,2424,779
2361,7421,8890
2362,6724,1092
2363,6789,3944
2364,9917,1572
2365,2918,7570
2366,4306,4363
2367,5816,9973
2368,3964,8543
2369,3830,1032
2370,7294,4951
2371,1219,5550
2372,296,2931
2373,4907,2554
2374,4407,8709
2375,5989,479
2376,135,3680
2377,5620,1796
2378,9432,1499
2379,6269,144
2380,4574,8018
2381,9234,1447
2382,7874,3882
2383,6589,545
2384,8726,6495
2385,2521,9683
2386,7110,2940
2387,8409,6253
2388,6938,6021
2389,1612,6351
2390,8856,6180
2391,6184,936
2392,5590,7007
2393,1091,1245
2394,4573,9266
2395,2561,5747
2396,8297,8991
2397,8312,5833
2398,4973,7534
2399,3887,8564
2400,5267,9986
2401,8213,6760
2402,7553,7659
2403,5966,112
2404,3863,3969
2405,2583,2395
2406,9685,787
2407,2587,3011
2408,5786,1900
2409,9278,6235
2410,6807,6334
2411,5158,5332
2412,321,1422
2413,4250,9948
2414,1285,5452
2415,3699,3060
2416,647,5502
2417,8671,3852
2418,1379,7128
2419,1364,1389
2420,9540,9481
2421,5665,3298
2422,7042,85
2423,6912,2996
2424,5254,7915
2425,2920,8401
2426,2617,7746
2427,9023,1560
2428,1291,6981
2429,7277,6916
2430,8848,9496
2431,7803,8995
2432,4773,3157
2433,7131,1409
2434,5728,4248
2435,7169,9094
2436,2004,4611
2437,6734,472
2438,7203,1935
2439,1325,7310
2440,6703,9872
2441,8534,5027
2442,5225,2883
2443,1137,8499
2444,3835,7494
2445,6613,6582
2446,7121,3476
2447,8446,4517
2448,5217,8668
2449,8652,4157
2450,8187,9326
2451,5336,8863
2452,1148,1825
2453,1106,8994
2454,3533,6675
2455,7781,9702
2456,5336,3294
2457,8092,1302
2458,2794,1283
2459,8958,8377
2460,9444,1783
2461,1285,2404
2462,5516,1606
2463,4029,6208
2464,4608,9544
2465,5287,7603
2466,9642,3774
2467,9069,6462
2468,7535,3881
2469,6512,978
2470,7666,2776
2471,2957,5472
2472,6790,2155
2473,8670,2140
2474,3264,8537
2475,188,5469
2476,2666,314
2477,722,5892
2478,7060,2530
2479,9678,2390
2480,2678,2731
2481,2832,439
2482,2208,8301
2483,4869,5685
2484,6482,6893
2485,4877,3758
2486,6775,5583
2487,2472,3855
2488,8620,6409
2489,3519,8667
2490,3423,4182
2491,8911,3540
2492,4306,5860
2493,7760,392
2494,6351,8875
2495,8820,5387
2496,8182,1898
2497,3691,5341
2498,177,5791
2499,8355,8024
2500,3944,5858
2501,2957,2105
2502,2000,8606
2503,6234,1080
2504,9055,7246
2505,1237,9797
2506,8251,6849
2507,3849,8529
2508,5456,4681
2509,483,8902
2510,4992,501
2511,4099,900
2512,6292,6984
2513,6732,8362
2514,6049,5158
2515,2171,6605
2516,2518,9724
2517,5428,5255
2518,4722,6009
2519,4023,2399
2520,4834,6460
2521,946,3888
2522,8024,3163
2523,1376,201
2524,9847,7357
2525,3903,2177
2526,6731,2453
2527,255,6325
2528,1397,4459
2529,4198,9424
2530,7812,6249
2531,4961,118
2532,6288,3375
2533,4133,7852
2534,4943,9651
2535,3012,4919
2536,4426,6504
2537,7211,895
2538,8650,1322
2539,2263,9168
2540,3260,3796
2541,343,3438
2542,8324,9310
2543,925,786
2544,1725,4310
2545,4671,5061
2546,4014,7465
2547,7834,7383
2548,6729,5646
2549,8838,1229
2550,3869,9792
2551,1876,4821
2552,4923,3719
2553,4739,8375
2554,6805,1953
2555,3314,41
2556,6658,6001
2557,9665,4447
2558,1855,1412
2559,2816,3166
2560,7487,3149
2561,4025,3196
2562,2787,1740
2563,2841,8261
2564,4885,4255
2565,5897,8732
2566,9534,2357
2567,619,2540
2568,7960,1163
2569,3760,5978
2570,7485,933
2571,1798,6314
2572,2862,1498
2573,1023,9946
2574,5616,6668
2575,156,8206
2576,32,6883
2577,2440,2873
2578,2311,2534
2579,5298,6132
2580,8937,9333
2581,5859,4783
2582,6504,2565
2583,6861,3410
2584,1893,2057
2585,7764,8510
2586,950,4089
2587,9222,4196
2588,2355,8978
2589,4341,3329
2590,5371,6122
2591,4758,1542
2592,867,9374
2593,2114,1440
2594,6174,8169
2595,7178,5784
2596,873,2243
2597,8855,9048
2598,4285,3237
2599,2431,8968
2600,2311,1060
2601,4756,5589
2602,9252,2914
2603,2630,6302
2604,9926,6364
2605,5209,4586
2606,660,384
2607,5409,4569
2608,8861,5376
2609,1017,2213
2610,1932,1612
2611,1636,3812
2612,6792,3823
2613,9867,7053
2614,6035,8648
2615,2772,9013
2616,9618,3202
2617,8163,6229
2618,5931,7570
2619,4171,3338
2620,4906,3118
2621,6781,2872
2622,5135,7253
2623,8289,6492
2624,1089,2046
2625,67,2300
2626,5510,2224
2627,7796,2541
2628,3482,6955
2629,2721,7666
2630,7740,9282
2631,9361,6331
2632,2121,2662
2633,5719,17
2634,7872,96
2635,9127,3884
2636,4132,6586
2637,5926,528
2638,7344,4650
2639,4955,7138
2640,9972,1084
2641,6465,5370
2642,2446,2155
2643,5598,8343
2644,4980,5052
2645,5726,9849
2646,2414,2264
2647,472,287
2648,913,1908
2649,8946,7805
2650,4917,7598
2651,1409,8538
2652,2151,837
2653,9208,3620
2654,8251,3813
2655,3233,6832
2656,410,6862
2657,2090,4706
2658,4041,1873
2659,6439,7125
2660,9178,4742
2661,6982,1575
2662,1931,6333
2663,6719,3092
2664,7421,7855
2665,7913,7118
2666,8127,3760
2667,8314,5782
2668,504,6835
2669,5815,5561
2670,6500,9817
2671,6377,2570
2672,6854,2360
2673,4529,9320
2674,6699,9381
2675,3874,5980
2676,4287,3646
2677,4972,961
2678,7529,2373
2679,3993,1280
2680,49,7564
2681,9296,8950
2682,5666,1290
2683,5463,2229
2684,2363,1448
2685,4790,3860
2686,5007,4795
2687,1735,5843
2688,4028,142
2689,457,3056
2690,6297,6011
2691,4707,4703
2692,2648,4117
2693,8837,8490
2694,3355,1317
2695,2123,2564
2696,7139,3664
2697,3355,1995
2698,35,8209
2699,1133,8106
2700,9075,3208
2701,7450,4280
2702,8000,6862
2703,7549,289
2704,8529,3972
2705,7895,1342
2706,7381,6712
2707,959,3603
2708,8984,322
2709,1094,4165
2710,7860,9361
2711,6471,743
2712,8068,2957
2713,9629,6368
2714,5764,2249
2715,624,9130
2716,3828,2439
2717,5047,25
2718,7500,5383
2719,8337,165
2720,2185,9934
2721,5519,8230
2722,1988,1375
2723,5864,4700
2724,468,2088
2725,2048,3177
2726,4602,9740
2727,7827,2203
2728,1627,3816
2729,9788,1241
2730,4811,5444
2731,978,792
2732,2627,8137
2733,5265,1163
2734,5781,7225
2735,3110,1366
2736,3591,8191
2737,724,1901
2738,1659,6324
2739,9941,2862
2740,5007,2219
2741,9242,5415
2742,1696,8042
2743,4419,6949
2744,9817,7701
2745,138,3738
2746,9578,616
2747,7625,8090
2748,756,5441
2749,9244,9762
2750,7280,1368
2751,9217,2310
2752,7759,3437
2753,5692,2342
2754,8812,8476
2755,1895,2220
2756,6622,4110
2757,1287,7284
2758,6218,4207
2759,8569,2056
2760,7045,4872
2761,3867,4439
2762,6470,7913
2763,8536,9554
2764,6298,9989
2765,395,8227
2766,7298,2617
2767,2805,5610
2768,5830,3146
2769,6793,3845
2770,4157,1546
2771,7844,3338
2772,8228,7415
2773,1450,9125
2774,3612,6176
2775,9131,8825
2776,8385,6117
2777,7669,5093
2778,6132,9594
2779,2195,8484
2780,218,7447
2781,7267,5920
2782,7565,831
2783,9494,7733
2784,4656,8171
2785,7408,3326
2786,2640,4931
2787,6191,4846
2788,7046,8600
2789,4568,8444
2790,4746,2929
2791,3964,6828
2792,6065,1376
2793,5258,9286
2794,4214,7711
2795,5791,374
2796,791,8861
2797,3608,9935
2798,1190,1279
2799,7896,8620
2800,1856,3028
2801,7732,6165
2802,7067,7338
2803,4588,7578
2804,9048,9431
2805,4645,1727
2806,2567,5653
2807,1841,8948
2808,3962,5196
2809,1631,2624
2810,2482,5437
2811,7215,5642
2812,7174,1305
2813,6254,8739
2814,2,2140
2815,5231,2819
2816,7227,3930
2817,6107,4222
2818,1328,2276
2819,3375,9539
2820,8861,8710
2821,6724,4625
2822,4521,4528
2823,3580,1558
2824,4080,159
2825,3400,1270
2826,8555,9399
2827,9991,452
2828,1098,3408
2829,9144,4432
2830,4915,3258
2831,6736,3405
2832,436,1919
2833,2055,9614
2834,9413,7219
2835,3805,7964
2836,6953,3578
2837,9450,3430
2838,9155,2822
2839,7891,6502
2840,5510,651
2841,1625,940
2842,6116,8498
2843,3899,7305
2844,6760,7942
2845,6235,1658
2846,7759,3806
2847,2574,2831
2848,8720,7527
2849,9773,8775
2850,5789,1118
2851,1929,1258
2852,5793,3255
2853,3660,4115
2854,2137,5661
2855,1162,103
2856,9024,8262
2857,7077,4262
2858,4579,9137
2859,3936,7357
2860,7891,3055
2861,6763,2166
2862,2472,1196
2863,2190,2909
2864,2754,5816
2865,7921,9583
2866,2635,2870
2867,9032,5329
2868,4233,5985
2869,844,4410
2870,8223,2454
2871,9123,2094
2872,2387,9410
2873,1650,1288
2874,154,3288
2875,7673,6292
2876,6672,9503
2877,4940,5334
2878,7764,2550
2879,7922,9018
2880,6991,2117
2881,7159,9705
2882,4677,4370
2883,4076,6148
2884,3700,1132
2885,5758,8993
2886,5466,1303
2887,2468,8047
2888,8467,1764
2889,4898,5671
2890,4495,6620
2891,7306,9905
2892,3474,9354
2893,4706,3408
2894,5621,7426
2895,3488,2507
2896,1819,50
2897,3986,4361
2898,7214,5587
2899,3643,6712
2900,599,4475
2901,1608,2986
2902,7948,707
2903,3520,8893
2904,4195,8432
2905,5913,3046
2906,1221,3105
2907,3880,8777
2908,6686,3395
2909,1616,8919
2910,9265,388
2911,1596,3796
2912,8424,5522
2913,8679,3427
2914,8233,5039
2915,9288,225
2916,7941,7716
2917,5852,3291
2918,890,5951
2919,3084,301
2920,1256,938
2921,3853,4265
2922,5424,2393
2923,7829,8191
2924,9591,6368
2925,5323,9647
2926,731,2943
2927,9128,5304
2928,7245,427
2929,7642,7132
2930,8188,5001
2931,1576,7682
2932,9538,362
2933,4815,7287
2934,6984,5502
2935,2122,1971
2936,9637,8086
2937,5680,7060
2938,5523,4618
2939,888,3369
2940,6514,899
2941,6359,4012
2942,6950,871
2943,2538,4268
2944,6412,4079
2945,4575,3798
2946,3850,4934
2947,2349,8032
2948,7892,2992
2949,4453,9235
2950,3210,6676
2951,8080,8546
2952,2783,5496
2953,5271,1739
2954,5524,4312
2955,8898,1832
2956,6963,210
2957,4456,226
2958,1816,2673
2959,1493,1860
2960,6489,7059
2961,4042,647
2962,4423,7769
2963,30,975
2964,1116,7499
2965,9921,9713
2966,5364,1318
2967,5089,2207
2968,73,3732
2969,6086,8018
2970,8550,6214
2971,9513,8387
2972,7149,335
2973,9410,5062
2974,7684,8000
2975,8397,9235
2976,6153,7387
2977,1278,4066
2978,4439,9815
2979,2332,2210
2980,9793,6944
2981,7657,8039
2982,1995,6151
2983,8946,9710
2984,7512,8861
2985,9793,6829
2986,1853,328
2987,2688,9932
2988,9508,4895
2989,5240,2730
2990,973,2616
2991,6039,7310
2992,7808,1804
2993,5216,2811
2994,670,9059
2995,1068,6046
2996,9333,5905
2997,1663,9607
2998,7121,4092
2999,5846,2866
3000,8319,5385
3001,6572,2321
3002,2973,8866
3003,6059,8296
3004,6894,2903
3005,5951,6084
3006,9097,7934
3007,4758,8057
3008,1313,3032
3009,5044,4326
3010,1360,4385
3011,8835,6679
3012,7676,1395
3013,7848,6215
3014,5067,6584
3015,4129,3472
3016,5251,5114
3017,6906,6945
3018,4666,7722
3019,6766,1146
3020,2060,6409
3021,7419,7927
3022,1483,1541
3023,5982,1159
3024,8721,7555
3025,1870,9528
3026,2176,5766
3027,7909,480
3028,4859,4394
3029,7976,1306
3030,9358,7840
3031,4375,8972
3032,6727,5718
3033,5872,4161
3034,6520,7249
3035,7214,8215
3036,7236,4026
3037,2639,8295
3038,9095,2434
3039,9748,3261
3040,643,2211
3041,145,9763
3042,1780,1029
3043,5492,4382
3044,8853,6282
3045,4370,4548
3046,3980,8215
3047,8733,1625
3048,9968,1567
3049,5394,7749
3050,9803,8525
3051,6334,2771
3052,7226,1325
3053,2161,6440
3054,5473,8056
3055,8715,7038
3056,6331,8459
3057,7026,6701
3058,1280,8883
3059,7526,8661
3060,5983,6967
3061,6123,1338
3062,6698,1377
3063,2374,9356
3064,6993,2490
3065,8867,6977
3066,8999,2433
3067,4915,4882
3068,7057,4664
3069,5171,8655
3070,733,8748
3071,5095,2047
3072,9167,8175
3073,8789,7225
3074,7078,3107
3075,8030,536
3076,1261,2372
3077,1464,5278
3078,269,8723
3079,5942,3752
3080,9647,6587
3081,1993,3786
3082,3872,5170
3083,9951,1687
3084,5054,814
3085,4010,1870
3086,2495,4129
3087,3260,1620
3088,5728,9138
3089,5998,315
3090,5723,5833
3091,4176,5820
3092,6002,919
3093,4330,5590
3094,295,3120
3095,6481,562
3096,4526,1894
3097,1510,418
3098,3754,227
3099,6712,4870
3100,2212,5426
3101,2042,9323
3102,7195,5819
3103,2559,7073
3104,1221,5433
3105,6673,5287
3106,3907,922
3107,4193,7605
3108,1714,307
3109,8056,3845
3110,862,5308
3111,7596,7470
3112,7057,2111
3113,9071,5423
3114,345,1385
3115,1713,5269
3116,6184,4730
3117,2118,7529
3118,2661,4927
3119,1219,9849
3120,2127,7673
3121,5505,9313
3122,1538,1961
3123,2883,3126
3124,4098,4107
3125,7844,8335
3126,3284,2332
3127,1610,6128
3128,2781,1994
3129,9496,5508
3130,7457,294
3131,7871,8198
3132,8733,4168
3133,1235,4380
3134,9441,464
3135,3164,8961
3136,5221,9076
3137,1075,5357
3138,5244,4955
3139,1741,9428
3140,9542,1492
3141,228,9656
3142,7103,6868
3143,8384,523
3144,2245,1530
3145,4164,4005
3146,1031,1425
3147,9749,4158
3148,2392,2034
3149,6726,5848
3150,8803,4162
3151,7806,8380
3152,1097,7599
3153,8171,6688
3154,1429,99
3155,2080,850
3156,7265,4883
3157,5098,6628
3158,3377,342
3159,9648,4196
3160,4045,9653
3161,6904,5190
3162,9741,4428
3163,855,9312
3164,1533,5578
3165,5808,3810
3166,9359,3642
3167,9102,1488
3168,5823,7694
3169,9053,4509
3170,4226,1893
3171,2898,2613
3172,6664,5322
3173,1882,7895
3174,4688,7897
3175,8240,2846
3176,5130,381
3177,2313,619
3178,4936,1035
3179,3865,8641
3180,7102,2117
3181,4920,7884
3182,5081,6572
3183,7455,9934
3184,9820,3525
3185,6172,7704
3186,4885,2934
3187,5270,4337
3188,3950,1182
3189,3834,5750
3190,6495,8078
3191,8259,1326
3192,1952,5800
3193,7512,1321
3194,7516,9378
3195,5600,2517
3196,7666,6135
3197,7809,6636
3198,7349,2107
3199,197,8749
3200,9571,9928
3201,189,2869
3202,6067,2393
3203,9712,5194
3204,1287,8243
3205,924,7524
3206,9921,1547
3207,1070,5896
3208,9826,2408
3209,940,1186
3210,4270,2966
3211,4927,8655
3212,9515,6100
3213,9886,1845
3214,9208,4267
3215,7493,7615
3216,8201,8603
3217,5797,1048
3218,2033,9939
3219,5492,8051
3220,1449,1341
3221,1797,1781
3222,8476,3700
3223,6819,6400
3224,5845,2418
3225,9847,7036
3226,3728,8715
3227,7178,7492
3228,7677,8096
3229,7572,5787
3230,5540,3664
3231,2226,7577
3232,6178,1921
3233,4725,3813
3234,8321,8935
3235,4791,5249
3236,4277,9151
3237,6217,7613
3238,4307,9003
3239,5320,5593
3240,2700,4778
3241,8607,6234
3242,2423,707
3243,677,9288
3244,5997,8222
3245,1191,8882
3246,3694,95
3247,4624,3790
3248,1009,6560
3249,4676,5233
3250,1928,6026
3251,1516,7015
3252,5842,9599
3253,3740,3328
3254,8650,1959
3255,4337,9079
3256,3356,5860
3257,9382,9216
3258,5256,7476
3259,1541,6542
3260,5279,9108
3261,2986,2110
3262,7194,6188
3263,7907,9235
3264,9643,2986
3265,1780,1295
3266,3675,1758
3267,9432,3274
3268,2914,3936
3269,177,5410
3270,7093,4361
3271,8176,5360
3272,4873,3268
3273,1712,9571
3274,7205,6770
3275,4237,8955
3276,630,4372
3277,8562,4387
3278,7197,281
3279,560,828
3280,2691,7349
3281,4522,627
3282,4588,1242
3283,7773,3630
3284,2153,7797
3285,7582,5112
3286,6199,6359
3287,4507,3654
3288,2950,2142
3289,1763,1733
3290,5380,5856
3291,4065,1938
3292,9575,724
3293,9796,8358
3294,6217,8349
3295,8810,1900
3296,5821,7587
3297,5658,5505
3298,3793,8543
3299,8881,4390
3300,1788,6339
3301,6613,8965
3302,9798,4885
3303,7013,7246
3304,4807,1062
3305,6833,5292
3306,7943,6354
3307,4454,377
3308,1125,1654
3309,353,2906
3310,5827,3385
3311,3845,3560
3312,5807,9113
3313,7480,2269
3314,8396,3956
3315,2376,9992
3316,702,9055
3317,9594,9628
3318,21,3045
3319,6275,2027
3320,6433,8432
3321,7775,2442
3322,1620,5677
3323,4415,2290
3324,213,7951
3325,1744,8675
3326,1216,3971
3327,3702,8644
3328,7258,123
3329,5896,9323
3330,6771,4874
3331,4996,5237
3332,6500,8795
3333,7843,7955
3334,1656,8654
3335,6359,8546
3336,6279,3999
3337,1137,7461
3338,541,7460
3339,2576,2337
3340,4842,9684
3341,3732,6661
3342,6194,8287
3343,7312,6436
3344,8613,253
3345,7037,8192
3346,5720,5079
3347,7931,1940
3348,9906,1292
3349,6034,3501
3350,2323,4785
3351,8951,3975
3352,1566,41
3353,7451,7440
3354,24,5900
3355,2317,5227
3356,5081,1479
3357,4464,3460
3358,3999,128
3359,4039,6331
3360,4337,5091
3361,1740,1214
3362,3617,9390
3363,1568,9895
3364,1915,4294
3365,9900,5439
3366,8538,9348
3367,3879,8397
3368,9146,3904
3369,8304,9760
3370,872,3672
3371,779,3428
3372,5589,7389
3373,6729,8644
3374,425,4970
3375,6319,3213
3376,8965,9569
3377,8905,5947
3378,9441,7668
3379,8679,1443
3380,5395,2733
3381,2853,7323
3382,5841,7627
3383,953,4665
3384,5454,7513
3385,3206,3399
3386,9424,7277
3387,2493,9376
3388,9043,5402
3389,275,3386
3390,2758,4258
3391,493,7184
3392,178,4507
3393,375,794
3394,4827,8780
3395,9621,6715
3396,6736,805
3397,4993,2263
3398,1164,4777
3399,8211,9871
3400,1839,7417
3401,7119,7930
3402,5430,2445
3403,7959,2930
3404,518,9777
3405,1201,3913
3406,8329,8923
3407,3444,8646
3408,9135,9205
3409,7404,8159
3410,4037,4731
3411,5837,5172
3412,8291,7250
3413,2804,1942
3414,5615,5762
3415,392,3090
3416,2624,3554
3417,3071,7294
3418,2957,2383
3419,7662,3327
3420,8051,9384
3421,7417,1620
3422,629,6665
3423,7560,7747
3424,5374,18
3425,522,8958
3426,8690,5700
3427,5507,2418
3428,9938,6727
3429,6769,6988
3430,6798,8075
3431,4077,4743
3432,4901,6681
3433,6508,7606
3434,9129,6068
3435,85,842
3436,637,9266
3437,4813,3553
3438,2352,2801
3439,5838,5533
3440,1539,8504
3441,8166,876
3442,7590,1595
3443,6555,7768
3444,1553,7098
3445,6029,9309
3446,2494,2711
3447,1044,466
3448,6596,994
3449,4712,8806
3450,3197,2098
3451,4352,1193
3452,8761,9154
3453,7618,3188
3454,4220,5942
3455,7321,1333
3456,3763,265
3457,7892,9867
3458,8740,7349
3459,2618,5339
3460,3523,7261
3461,3660,6717
3462,1041,9818
3463,9235,3766
3464,8014,8112
3465,3257,4930
3466,3311,4477
3467,5923,1533
3468,2235,5214
3469,7707,4159
3470,5215,9005
3471,7149,2690
3472,9026,5946
3473,5399,7297
3474,1858,949
3475,7443,3183
3476,3725,8326
3477,8993,1408
3478,4972,8009
3479,7469,5080
3480,6138,3433
3481,3185,7278
3482,3746,4760
3483,5971,7181
3484,822,1432
3485,8094,6311
3486,9532,5993
3487,1406,1510
3488,8179,223
3489,5205,9249
3490,4835,2511
3491,5771,4055
3492,3474,8855
3493,3266,7899
3494,8643,5639
3495,9527,3260
3496,7113,1264
3497,9684,9855
3498,778,5335
3499,7459,9243
3500,8270,2485
3501,1725,913
3502,3991,3166
3503,4001,6534
3504,8778,5772
3505,3712,1599
3506,1643,4328
3507,8996,8824
3508,4407,741
3509,7841,4817
3510,875,4809
3511,4692,5221
3512,8658,3144
3513,2312,8648
3514,8891,3519
3515,9495,2844
3516,9257,713
3517,1757,9136
3518,7715,8689
3519,6457,3670
3520,2508,3221
3521,7581,9967
3522,1486,5604
3523,1092,4214
3524,8927,100
3525,7523,5333
3526,6182,9218
3527,4952,9912
3528,2423,1303
3529,4127,3996
3530,9273,1379
3531,148,6259
3532,680,2808
3533,1602,7944
3534,1318,8550
3535,9738,9113
3536,781,9038
3537,3551,4486
3538,3040,5334
3539,7294,5076
3540,1583,7848
3541,8204,509
3542,6425,6503
3543,3255,8552
3544,7340,7183
3545,1438,4225
3546,8776,3671
3547,5772,3477
3548,3985,614
3549,2928,61
3550,2819,6367
3551,3448,9396
3552,2912,5627
3553,5324,3094
3554,4405,6354
3555,471,871
3556,7659,6245
3557,3375,8445
3558,9289,4426
3559,3830,139
3560,5510,517
3561,8681,3994
3562,1980,2320
3563,4214,6598
3564,5480,6103
3565,7898,3235
3566,5902,4066
3567,5432,4219
3568,9898,4768
3569,262,6949
3570,33,9292
3571,2961,8562
3572,7158,3231
3573,9441,4711
3574,1640,6146
3575,5320,6866
3576,952,3469
3577,5923,4044
3578,2777,9137
3579,7219,5434
3580,7680,7887
3581,9365,6287
3582,315,9955
3583,4973,7153
3584,766,4336
3585,4786,1654
3586,7016,3097
3587,9618,5259
3588,2484,4618
3589,8950,1168
3590,8907,1089
3591,2465,8468
3592,1847,6267
3593,8674,9305
3594,947,1311
3595,4969,6004
3596,5950,5425
3597,837,4451
3598,1902,1445
3599,5451,6299
3600,7105,1889
3601,3236,477
3602,2814,1949
3603,1038,9844
3604,6922,1369
3605,7218,653
3606,8391,5851
3607,3301,931
3608,1863,9667
3609,6664,5575
3610,4606,7965
3611,762,7049
3612,9813,3827
3613,7918,4213
3614,7483,3292
3615,6263,7532
3616,3942,5173
3617,3791,3518
3618,1527,3211
3619,8807,3537
3620,5868,4610
3621,7817,993
3622,3998,4356
3623,8425,6020
3624,635,9849
3625,3178,7384
3626,1294,9488
3627,4045,6508
3628,8618,120
3629,8708,2024
3630,9366,6829
3631,3940,9337
3632,5154,9506
3633,2201,6157
3634,663,2711
3635,2707,1207
3636,9805,2199
3637,3214,9360
3638,3158,737
3639,4144,9771
3640,1319,145
3641,1468,2546
3642,5751,6043
3643,3715,9538
3644,3632,4579
3645,2026,1568
3646,5651,3899
3647,9014,3062
3648,4280,314
3649,804,6974
3650,4563,2821
3651,3701,8090
3652,9089,3037
3653,3335,6078
3654,562,3238
3655,9327,8011
3656,9185,2495
3657,3601,5192
3658,5518,9794
3659,5186,2847
3660,5564,6233
3661,5413,9505
3662,4630,7067
3663,7618,5703
3664,8925,4306
3665,7253,8598
3666,5741,7050
3667,3346,3486
3668,6013,3753
3669,342,2287
3670,5973,5557
3671,8968,3689
3672,7402,4790
3673,9103,2782
3674,517,2666
3675,4077,694
3676,4738,1662
3677,3785,3279
3678,1459,5600
3679,1402,5279
3680,2452,8510
3681,287,856
3682,6410,4602
3683,3452,7158
3684,3141,3245
3685,5679,3416
3686,6981,4500
3687,2401,8520
3688,920,4300
3689,7784,665
3690,8577,6054
3691,4600,2492
3692,8581,2438
3693,7865,8479
3694,3390,6782
3695,7732,2387
3696,5618,770
3697,7912,9560
3698,9678,6984
3699,4185,135
3700,6220,8542
3701,3464,3931
3702,3108,8711
3703,9037,6317
3704,7663,4275
3705,8849,603
3706,8582,1482
3707,2696,4901
3708,6233,8693
3709,1387,1779
3710,924,170
3711,5492,4470
3712,1851,7986
3713,1810,6522
3714,3886,1880
3715,2285,2548
3716,7015,3232
3717,9779,4126
3718,9464,4785
3719,6049,4412
3720,9698,289
3721,1357,2394
3722,8617,7675
3723,336,3764
3724,3299,6735
3725,2657,4385
3726,1167,4599
3727,5628,9789
3728,578,4994
3729,4978,1810
3730,12,1647
3731,4074,5058
3732,3417,4375
3733,5493,8180
3734,7972,3398
3735,8175,1224
3736,7958,2456
3737,4610,4729
3738,5516,6941
3739,5396,414
3740,2774,8200
3741,3952,4700
3742,6172,2602
3743,1906,6812
3744,683,7541
3745,4652,8868
3746,5997,3792
3747,2246,5557
3748,7719,5638
3749,1458,6145
3750,6508,2811
3751,2173,1927
3752,5166,1037
3753,9074,7516
3754,9284,4194
3755,2697,7815
3756,7880,7844
3757,9868,3256
3758,9959,278
3759,4633,6134
3760,5659,369
3761,6820,7413
3762,2246,3247
3763,2020,7569
3764,2980,2563
3765,1694,7209
3766,6435,8867
3767,8799,9434
3768,5967,1572
3769,4402,4263
3770,2566,8945
3771,7905,7554
3772,6602,167
3773,7144,3354
3774,3093,6463
3775,8118,2289
3776,9574,8568
3777,8605,6488
3778,4985,1217
3779,5672,9337
3780,9445,401
3781,7196,8641
3782,5215,6835
3783,7671,2424
3784,7964,2449
3785,2582,2270
3786,8628,1803
3787,7202,6676
3788,6258,1028
3789,3322,7476
3790,7832,2762
3791,2044,6318
3792,5935,1344
3793,3996,5169
3794,9052,8521
3795,7127,3794
3796,9054,3267
3797,5842,6011
3798,7667,686
3799,3323,5155
3800,5498,9304
3801,7233,8422
3802,9940,3830
3803,8864,9697
3804,1652,5265
3805,5236,4956
3806,8133,1930
3807,9407,6356
3808,9947,5275
3809,9461,4500
3810,6513,9164
3811,5172,159
3812,5410,3855
3813,4802,1933
3814,6643,2328
3815,9534,8912
3816,9613,4556
3817,6280,1713
3818,5128,2421
3819,4125,9772
3820,7715,4016
3821,6219,9877
3822,4689,7252
3823,8243,3557
3824,1773,5518
3825,76,2485
3826,8622,1101
3827,6611,1701
3828,6437,9175
3829,5408,8650
3830,2355,7462
3831,261,4178
3832,8184,6611
3833,3472,7989
3834,1126,8957
3835,5631,4106
3836,4932,1574
3837,6787,4818
3838,5886,139
3839,860,9685
3840,6154,9341
3841,9060,3832
3842,8885,4529
3843,745,2552
3844,5196,5920
3845,2290,1974
3846,7591,3147
3847,3570,4558
3848,9535,5824
3849,8682,2101
3850,1936,5697
3851,5977,5678
3852,4650,5591
3853,9567,3082
3854,8146,6019
3855,4159,2762
3856,9125,5580
3857,7139,2882
3858,8524,9258
3859,2969,3387
3860,9738,9966
3861,9546,1781
3862,1587,5644
3863,3803,4136
3864,4199,3910
3865,6253,4165
3866,4348,2806
3867,4656,2046
3868,5290,4103
3869,7588,3918
3870,2303,6689
3871,3807,710
3872,4867,2911
3873,8827,4933
3874,1413,1247
3875,7815,4275
3876,8420,7381
3877,5789,6555
3878,2363,4556
3879,8628,1987
3880,3124,122
3881,5628,1481
3882,6621,9903
3883,8870,4923
3884,2215,506
3885,582,8131
3886,9371,3656
3887,9505,366
3888,5191,1338
3889,304,631
3890,6694,5634
3891,2055,8276
3892,5198,8633
3893,9743,6380
3894,547,768
3895,9855,2020
3896,249,1681
3897,1914,9957
3898,1414,9633
3899,7217,2380
3900,5670,8868
3901,4521,8446
3902,4104,9709
3903,4103,1781
3904,7142,3313
3905,1640,1579
3906,2754,8935
3907,1710,2210
3908,7547,2542
3909,244,6205
3910,7199,8106
3911,8082,5375
3912,5178,157
3913,4284,1198
3914,9933,4814
3915,1829,4515
3916,3322,5433
3917,8353,4833
3918,6188,3363
3919,167,5056
3920,6067,6312
3921,3174,6309
3922,9821,5858
3923,6543,3584
3924,9904,6952
3925,7743,7681
3926,4755,5025
3927,272,3559
3928,5757,227
3929,2278,4503
3930,2885,5853
3931,3380,8917
3932,1816,5997
3933,3025,8258
3934,8281,590
3935,7685,2595
3936,8691,5042
3937,5437,1001
3938,1098,5272
3939,9278,1986
3940,6080,4682
3941,86,4924
3942,8451,9190
3943,3054,1569
3944,7907,8967
3945,6427,1011
3946,82,8079
3947,2676,7974
3948,100,2051
3949,414,8436
3950,5333,6723
3951,9219,2945
3952,7882,8757
3953,6882,6092
3954,5343,7276
3955,7711,3934
3956,7200,8090
3957,9915,5074
3958,5459,2095
3959,8830,4321
3960,7266,4813
3961,2321,7224
3962,2263,170
3963,9688,2185
3964,8241,2929
3965,76,11
3966,2515,5637
3967,1623,4527
3968,5658,899
3969,5960,1280
3970,3391,2003
3971,3431,6646
3972,4963,4186
3973,4467,5607
3974,9783,7392
3975,7606,4010
3976,9838,1529
3977,4266,3370
3978,618,6274
3979,3764,6275
3980,7075,233
3981,8479,44
3982,5494,4521
3983,9780,1072
3984,9786,8321
3985,2901,1835
3986,6126,464
3987,3433,5406
3988,4078,4848
3989,6993,8336
3990,9588,1132
3991,2697,9969
3992,922,9134
3993,5227,9387
3994,2174,2730
3995,5757,2247
3996,1455,2049
3997,3482,265
3998,4612,6866
3999,558,6826
4000,2124,2147
4001,2187,592
4002,48,7256
4003,8345,7964
4004,2724,1230
4005,8811,4495
4006,5692,3975
4007,3788,9321
4008,9291,8082
4009,7,2112
4010,2887,390
4011,6854,2410
4012,7161,251
4013,7651,9704
4014,2336,5637
4015,6906,8991
4016,8805,5245
4017,8383,7603
4018,4280,590
4019,2604,6978
4020,1242,7737
4021,1091,7594
4022,3316,6118
4023,2114,8376
4024,3285,392
4025,9172,78
4026,8489,1531
4027,147,5008
4028,6820,9356
4029,3036,1260
4030,7454,5477
4031,4987,883
4032,9464,4179
4033,6309,6424
4034,588,3366
4035,8533,4228
4036,9923,5733
4037,8222,8292
4038,8769,5948
4039,5823,2112
4040,522,1203
4041,5396,2216
4042,1144,476
4043,3497,6860
4044,4900,3192
4045,4921,3113
4046,3362,6038
4047,4981,2203
4048,7353,3305
4049,8081,6164
4050,7663,8869
4051,5080,39
4052,1252,5862
4053,8207,8673
4054,6549,3437
4055,39,3461
4056,9281,1880
4057,8668,3234
4058,5624,7997
4059,9723,7796
4060,7246,6627
4061,688,3139
4062,5791,6237
4063,7757,9195
4064,4861,3091
4065,1926,5705
4066,2885,1966
4067,1401,6223
4068,5712,2816
4069,2748,5973
4070,5989,782
4071,751,684
4072,3612,6364
4073,8512,320
4074,1421,7539
4075,6205,3977
4076,2390,6881
4077,1156,9230
4078,6523,9501
4079,9670,5575
4080,7208,6373
4081,4218,5453
4082,114,5878
4083,8749,4368
4084,8652,9655
4085,5303,5700
4086,4662,2243
4087,8122,1833
4088,5663,6241
4089,4116,1798
4090,6139,8865
4091,6403,194
4092,9167,4613
4093,7176,7902
4094,3833,6426
4095,6884,1458
4096,5197,1282
4097,9503,9491
4098,9674,5392
4099,5319,6701
4100,8700,7279
4101,725,7731
4102,2266,5006
4103,5260,2720
4104,2431,8124
4105,2427,2649
4106,1174,5420
4107,7954,9281
4108,4350,3525
4109,5873,696
4110,8797,3833
4111,7947,8593
4112,1553,5888
4113,233,8783
4114,594,2000
4115,1291,3115
4116,1827,1691
4117,2746,9220
4118,5751,1957
4119,3705,4804
4120,2672,8929
4121,2266,9275
4122,2322,2631
4123,8349,9563
4124,1174,1620
4125,1314,9807
4126,1163,2990
4127,224,4408
4128,8199,5857
4129,1790,8565
4130,3276,891
4131,2238,8190
4132,8853,3585
4133,2218,6717
4134,9503,9932
4135,7206,6458
4136,821,6164
4137,2885,8306
4138,9027,1815
4139,8824,4019
4140,460,2869
4141,5649,5974
4142,4727,4363
4143,3766,4250
4144,2532,1947
4145,720,4889
4146,2541,3508
4147,3667,601
4148,8471,1251
4149,2264,7921
4150,2312,822
4151,3030,5093
4152,5666,5176
4153,9360,9361
4154,3149,8671
4155,5831,2878
4156,6403,1230
4157,208,8436
4158,3093,8710
4159,5521,3388
4160,3691,640
4161,7460,5359
4162,7577,3856
4163,286,3473
4164,8429,5815
4165,1481,4404
4166,8324,999
4167,6158,8203
4168,6972,5059
4169,8782,9836
4170,836,1027
4171,1791,1584
4172,4016,2609
4173,3428,650
4174,4121,1987
4175,6261,6129
4176,3361,6245
4177,3214,6316
4178,6724,8482
4179,9107,889
4180,3866,4255
4181,3105,7626
4182,7609,2516
4183,2768,6077
4184,1319,6104
4185,3413,8375
4186,3101,7400
4187,9651,5836
4188,6647,8115
4189,8609,9981
4190,6519,1189
4191,8791,366
4192,1978,4510
4193,2946,2323
4194,8226,6558
4195,4567,6039
4196,9347,4880
4197,2228,6856
4198,1657,8160
4199,5794,8034
4200,5078,378
4201,6263,230
4202,314,6817
4203,376,9303
4204,9739,4312
4205,1451,4098
4206,6068,1184
4207,1706,1815
4208,409,6751
4209,9139,5880
4210,2296,5529
4211,1133,5644
4212,7227,1406
4213,7222,4849
4214,1066,9232
4215,6935,5724
4216,7422,2095
4217,3769,4958
4218,944,3922
4219,8832,6517
4220,7376,4884
4221,9061,2139
4222,3042,3545
4223,5250,4623
4224,7858,7132
4225,6951,8367
4226,3608,9558
4227,633,6031
4228,2295,8541
4229,970,8264
4230,9231,695
4231,2628,5488
4232,3298,8393
4233,1838,721
4234,6916,8864
4235,1665,3033
4236,3307,3771
4237,9685,7198
4238,6566,2595
4239,9076,860
4240,778,7065
4241,7424,4988
4242,9703,8010
4243,8016,882
4244,42,7249
4245,3605,3955
4246,2684,121
4247,123,9553
4248,7255,3437
4249,4268,9733
4250,4024,1775
4251,8158,9016
4252,5568,3361
4253,3085,7214
4254,2052,3459
4255,7635,7999
4256,6245,7225
4257,5875,8115
4258,9690,5912
4259,2645,8874
4260,4041,6798
4261,7755,6341
4262,4740,235
4263,2930,1684
4264,8176,7647
4265,5605,3261
4266,3697,7313
4267,1196,9014
4268,2882,1450
4269,4225,7183
4270,9904,156
4271,9235,959
4272,5270,210
4273,2675,6521
4274,7219,5397
4275,3564,1114
4276,2359,1079
4277,2592,8898
4278,8493,6192
4279,9069,8157
4280,2162,2819
4281,2734,5885
4282,6980,9341
4283,9454,9878
4284,6549,2313
4285,1383,8837
4286,6623,7458
4287,5432,1054
4288,7057,2822
4289,9334,8417
4290,1880,1700
4291,9481,6695
4292,249,8194
4293,7687,3087
4294,3114,8349
4295,4222,8592
4296,1728,2381
4297,779,1082
4298,8915,2004
4299,6040,2045
4300,2222,196
4301,5665,8933
4302,2579,1850
4303,2327,7745
4304,6843,4283
4305,6974,4031
4306,2027,2969
4307,8817,757
4308,5650,9585
4309,1077,5854
4310,4095,6933
4311,6763,2928
4312,6799,2257
4313,1503,1590
4314,9748,9068
4315,126,9903
4316,8113,4205
4317,4964,2305
4318,2065,7191
4319,2195,2843
4320,5496,6899
4321,9168,7527
4322,9810,2873
4323,4727,9720
4324,3671,5274
4325,9838,2005
4326,2208,5036
4327,6727,2033
4328,1203,5795
4329,4144,167
4330,1113,7081
4331,564,1871
4332,9441,5626
4333,3908,2591
4334,3790,1374
4335,8784,9137
4336,4587,5363
4337,7167,93
4338,6687,5943
4339,1007,4563
4340,7404,2287
4341,4998,423
4342,7345,7031
4343,7607,3513
4344,6239,9303
4345,8736,5119
4346,808,5709
4347,2495,514
4348,4723,4749
4349,8117,1362
4350,5404,5666
4351,243,6199
4352,9577,7567
4353,5841,4389
4354,200,9495
4355,3790,6683
4356,1491,6357
4357,1537,1640
4358,1894,841
4359,5741,1962
4360,3527,3536
4361,6468,9876
4362,5251,159
4363,4050,1419
4364,7482,5659
4365,7418,3982
4366,2129,4359
4367,7599,8720
4368,4821,2283
4369,1192,3684
4370,3935,2750
4371,9782,851
4372,8387,592
4373,962,204
4374,3714,3879
4375,1583,7257
4376,3984,5796
4377,1583,41
4378,8768,4528
4379,9698,6576
4380,5211,536
4381,409,9415
4382,5759,1570
4383,4392,2033
4384,1284,9179
4385,1161,9644
4386,7930,767
4387,1933,8992
4388,9934,4580
4389,7214,7319
4390,7579,820
4391,5857,5401
4392,4190,9733
4393,9367,3539
4394,562,6054
4395,5570,9475
4396,2809,24
4397,9860,2162
4398,8716,5510
4399,3746,158
4400,537,3123
4401,7192,5763
4402,4028,4639
4403,9879,1062
4404,3657,7765
4405,5961,8414
4406,805,3412
4407,293,3887
4408,9956,360
4409,7566,6612
4410,6620,549
4411,486,9048
4412,5161,4063
4413,543,849
4414,6586,4632
4415,242,90
4416,5113,7047
4417,7321,8492
4418,8024,2849
4419,5110,4856
4420,1543,1495
4421,5463,1923
4422,2882,7532
4423,7857,4895
4424,7974,3121
4425,249,2657
4426,3908,3183
4427,7074,2628
4428,2302,3377
4429,9408,5306
4430,7599,2059
4431,987,8746
4432,7975,2746
4433,8959,363
4434,420,778
4435,928,1163
4436,6236,6158
4437,9883,1932
4438,9175,6735
4439,6600,5836
4440,3033,7220
4441,3212,9743
4442,5021,8587
4443,7770,3275
4444,4669,3185
4445,2073,416
4446,3294,7300
4447,9729,1426
4448,2808,370
4449,3327,1764
4450,8547,7597
4451,9817,5139
4452,8909,8878
4453,2411,3100
4454,4152,3186
4455,8415,9627
4456,6017,5845
4457,3706,8385
4458,410,6410
4459,4563,5185
4460,1882,1221
4461,7088,4679
4462,6122,2725
4463,2873,9413
4464,7888,4769
4465,8637,1052
4466,8120,9678
4467,4659,5731
4468,8062,9002
4469,5289,7559
4470,7737,2248
4471,1544,287
4472,6401,9576
4473,5369,459
4474,7553,6082
4475,784,7113
4476,3368,4319
4477,5430,4611
4478,953,5445
4479,1238,2744
4480,5490,9725
4481,4925,2373
4482,761,3970
4483,7508,8496
4484,3778,6856
4485,4249,449
4486,9438,9046
4487,4217,286
4488,254,1409
4489,1931,6737
4490,7685,6215
4491,4886,5640
4492,6171,7557
4493,9794,3160
4494,798,293
4495,5612,8335
4496,2994,5384
4497,3987,1957
4498,7417,2476
4499,7471,7534
4500,2782,8522
4501,801,1071
4502,59,8687
4503,5813,9434
4504,5435,7540
4505,8965,1911
4506,4890,8604
4507,3559,1041
4508,8248,7369
4509,3575,4651
4510,7388,2812
4511,4271,8941
4512,6693,3575
4513,4610,9151
4514,3852,7648
4515,7224,7168
4516,6245,2949
4517,6083,6323
4518,8485,4807
4519,4433,1063
4520,7709,8949
4521,7930,2
4522,996,4181
4523,7785,6649
4524,2595,2624
4525,7752,9279
4526,3145,5099
4527,9956,5463
4528,1071,5390
4529,207,1591
4530,2294,5235
4531,2164,8027
4532,7580,4141
4533,5413,707
4534,638,5427
4535,9424,3403
4536,3111,8743
4537,3792,4549
4538,7287,3559
4539,7152,3524
4540,3215,6159
4541,2202,5079
4542,8120,840
4543,446,2913
4544,3491,1233
4545,9854,4177
4546,5963,3449
4547,1830,3939
4548,7447,262
4549,745,8482
4550,9867,6182
4551,3014,5400
4552,9470,8415
4553,6825,6483
4554,7559,8581
4555,878,6854
4556,8272,1432
4557,177,7561
4558,2797,3078
4559,9537,3374
4560,2470,2196
4561,2675,2050
4562,575,2293
4563,5042,6875
4564,5096,1476
4565,4643,3460
4566,7617,52
4567,4071,578
4568,6070,5394
4569,7738,8546
4570,2456,9411
4571,4409,3890
4572,1435,5184
4573,2752,5048
4574,2220,346
4575,5393,4387
4576,8651,4843
4577,4817,4796
4578,4390,7579
4579,2460,5288
4580,7878,3755
4581,7705,5421
4582,6466,7042
4583,4744,4398
4584,7745,3970
4585,4535,1973
4586,5278,8982
4587,7172,2796
4588,5940,3322
4589,6445,3449
4590,1512,2839
4591,7283,8915
4592,4902,6378
4593,5997,2773
4594,8628,5791
4595,3113,7918
4596,723,5071
4597,8429,5921
4598,6291,4131
4599,44,2352
4600,3606,6708
4601,3508,4321
4602,1645,2977
4603,8611,8570
4604,366,108
4605,9850,8622
4606,839,466
4607,3466,2500
4608,9933,9572
4609,8635,1008
4610,2093,5526
4611,7404,2752
4612,2851,260
4613,3716,853
4614,8073,4236
4615,4903,6156
4616,4775,3692
4617,1844,9432
4618,8873,8121
4619,923,3390
4620,6318,569
4621,2636,877
4622,2700,6478
4623,9226,7527
4624,8321,8207
4625,7631,2513
4626,3333,2612
4627,3961,7811
4628,8107,6509
4629,3698,508
4630,3654,6256
4631,2285,3381
4632,8392,3198
4633,3676,7728
4634,8390,465
4635,3711,9453
4636,5927,4452
4637,5191,6120
4638,6779,7567
4639,5112,99
4640,7721,5661
4641,5309,124
4642,9712,4380
4643,4853,7082
4644,3455,224
4645,2603,1801
4646,3152,1556
4647,8899,6944
4648,9950,7502
4649,3024,9579
4650,4088,6574
4651,1571,3658
4652,5854,4227
4653,3582,8197
4654,9960,3066
4655,1799,6714
4656,5174,6980
4657,4296,2213
4658,5906,5858
4659,9235,2875
4660,5570,8975
4661,3138,834
4662,1017,1403
4663,8188,5456
4664,8109,5520
4665,4772,7935
4666,1955,9299
4667,1964,2890
4668,8406,1912
4669,4103,8951
4670,2951,7906
4671,9627,7201
4672,2495,8550
4673,2869,576
4674,5663,9706
4675,1719,5079
4676,8424,8608
4677,7724,3018
4678,8807,25
4679,109,8714
4680,552,6936
4681,1724,2399
4682,1995,1860
4683,9532,5617
4684,6324,8201
4685,3124,5698
4686,7484,1163
4687,7465,299
4688,1574,5720
4689,9176,9618
4690,5692,7129
4691,3637,3205
4692,3431,6245
4693,5949,5302
4694,8493,3091
4695,888,6882
4696,7044,2345
4697,2267,671
4698,9669,1926
4699,6122,6098
4700,2108,2168
4701,6666,2779
4702,7420,9178
4703,835,766
4704,6991,2750
4705,6037,4750
4706,4571,4291
4707,7266,2743
4708,576,2099
4709,2649,7848
4710,2478,6396
4711,4979,1164
4712,5156,3001
4713,6006,9556
4714,1379,8588
4715,5607,1954
4716,6289,570
4717,6092,9700
4718,7721,6019
4719,2079,4667
4720,7615,5036
4721,2863,5864
4722,7569,6187
4723,3889,7698
4724,4953,1774
4725,2084,8758
4726,4976,4569
4727,3473,7227
4728,1437,9274
4729,8241,2512
4730,4890,8522
4731,3352,1765
4732,4023,435
4733,1632,7827
4734,984,8648
4735,721,5385
4736,2793,8390
4737,6267,7316
4738,4595,485
4739,2934,9466
4740,3206,1834
4741,7329,4466
4742,8326,2557
4743,6343,4708
4744,786,8721
4745,4175,3129
4746,7567,325
4747,6834,6030
4748,6979,2183
4749,6744,9195
4750,9949,1200
4751,9515,9434
4752,2130,2351
4753,3325,9206
4754,9459,7878
4755,5894,2690
4756,9146,5051
4757,4821,4258
4758,8915,5500
4759,6807,1226
4760,200,6643
4761,7382,6898
4762,5764,2625
4763,8313,5330
4764,7065,6042
4765,7481,1984
4766,5804,5708
4767,3283,3123
4768,3374,5965
4769,9881,9890
4770,8630,2529
4771,4964,2062
4772,7402,6085
4773,6004,3977
4774,6157,4907
4775,5751,1666
4776,1794,1522
4777,6232,7151
4778,3934,5088
4779,2191,7381
4780,5580,751
4781,807,8118
4782,8826,8434
4783,5436,9031
4784,5776,2179
4785,5027,3309
4786,9665,9850
4787,5524,2452
4788,6234,3323
4789,3186,1148
4790,3767,9565
4791,1915,7248
4792,5605,3907
4793,5530,2004
4794,9474,2953
4795,778,2234
4796,9616,6508
4797,3573,4817
4798,5753,4406
4799,2699,8731
4800,6157,7412
4801,8990,4842
4802,3462,1670
4803,634,790
4804,268,2915
4805,610,2125
4806,9637,1943
4807,4965,2823
4808,1540,6650
4809,7872,1813
4810,6210,4573
4811,6621,9894
4812,7530,9379
4813,7497,6518
4814,9374,2954
4815,1043,4387
4816,7608,8934
4817,9775,5628
4818,3499,488
4819,9371,6009
4820,9575,720
4821,4457,8642
4822,2474,1084
4823,3275,189
4824,3124,7515
4825,9261,2230
4826,2004,1682
4827,5948,5261
4828,6126,7946
4829,2213,7911
4830,2270,3365
4831,9000,3074
4832,85,2683
4833,2394,1770
4834,6306,309
4835,4474,7904
4836,5949,9285
4837,8747,157
4838,7980,2752
4839,8352,5027
4840,4856,9625
4841,8231,2236
4842,4858,2412
4843,4092,5490
4844,7039,6131
4845,9742,8298
4846,9115,7864
4847,3134,8093
4848,1754,2680
4849,1315,2933
4850,2449,3856
4851,5595,6752
4852,8370,4503
4853,1244,6548
4854,7326,7144
4855,5737,6352
4856,9477,6986
4857,1792,7898
4858,5034,7277
4859,6608,1850
4860,242,3667
4861,9735,4354
4862,2074,137
4863,2649,2056
4864,6808,6289
4865,7390,4898
4866,506,1646
4867,1858,9149
4868,6491,8234
4869,7968,3770
4870,4100,9127
4871,5256,4982
4872,7087,6896
4873,2189,9092
4874,9318,8748
4875,6972,7769
4876,4858,9919
4877,1670,4211
4878,9472,3068
4879,7918,7911
4880,4054,4714
4881,7998,4213
4882,8035,4866
4883,2852,2843
4884,8700,8723
4885,1226,6211
4886,2738,1586
4887,5987,4521
4888,8761,3793
4889,1553,4910
4890,8468,938
4891,6196,9490
4892,9932,6409
4893,7693,9953
4894,5663,7411
4895,9216,9981
4896,6421,5703
4897,6136,8675
4898,6478,1056
4899,8804,493
4900,4696,9812
4901,8271,8499
4902,2716,5884
4903,5982,1375
4904,3783,6463
4905,4402,956
4906,2343,7613
4907,2797,6570
4908,6971,822
4909,1601,3185
4910,5133,3349
4911,5604,1054
4912,8668,6892
4913,1904,8975
4914,4689,2525
4915,4727,9591
4916,4403,7826
4917,1459,2111
4918,5990,8009
4919,4939,6314
4920,1374,5616
4921,8162,2626
4922,2802,2073
4923,9146,6740
4924,7036,2410
4925,4822,8197
4926,6845,8371
4927,4956,1248
4928,5884,5133
4929,1993,7933
4930,3823,3100
4931,2799,4143
4932,1394,3728
4933,9162,1434
4934,2084,3854
4935,1520,6030
4936,3330,358
4937,6134,3109
4938,7819,5216
4939,5471,3445
4940,6898,7928
4941,5823,6323
4942,7282,4531
4943,1438,7637
4944,1132,9037
4945,4281,7377
4946,9899,3153
4947,5074,4391
4948,2649,9300
4949,3591,7335
4950,7242,46
4951,7376,8129
4952,7510,7862
4953,3762,2648
4954,1589,1161
4955,1185,449
4956,6914,1814
4957,3698,7886
4958,354,6489
4959,1422,1889
4960,1182,9394
4961,1362,719
4962,1387,129
4963,6307,5347
4964,9179,1169
4965,6672,4780
4966,5821,270
4967,2176,2325
4968,8591,1684
4969,5705,3598
4970,4099,7253
4971,1970,2636
4972,7152,3239
4973,4353,874
4974,2079,7032
4975,7662,8666
4976,6790,94
4977,1897,8588
4978,6210,3696
4979,631,9977
4980,7581,9114
4981,935,7948
4982,6687,5377
4983,2514,9678
4984,6960,2580
4985,4337,3917
4986,3867,1642
4987,8793,1305
4988,8879,7278
4989,4529,731
4990,9567,8116
4991,164,4850
4992,6617,7751
4993,4546,2986
4994,2020,5584
4995,8481,4699
4996,1506,2917
4997,1296,8460
4998,4565,8987
4999,3708,4514
5000,7582,3386
5001,3500,8329
5002,1072,1724
5003,2663,125
5004,8771,6737
5005,6534,6053
5006,7477,2898
5007,7187,365
5008,3787,8303
5009,656,9919
5010,9541,9463
5011,885,365
5012,3119,1716
5013,913,2046
5014,1795,9585
5015,2769,9651
5016,8892,7209
5017,7471,3332
5018,1158,9070
5019,4978,2875
5020,4017,9842
5021,9043,4461
5022,3236,9637
5023,9168,6176
5024,8799,6779
5025,3065,542
5026,7288,8201
5027,3191,3109
5028,3655,8396
5029,5084,2792
5030,9629,1751
5031,2374,2565
5032,1535,3463
5033,9646,6243
5034,2481,9012
5035,4429,1848
5036,8253,8598
5037,1325,3429
5038,8114,1185
5039,8317,6703
5040,4265,8639
5041,7423,8891
5042,307,3865
5043,8859,3109
5044,8431,1762
5045,311,6892
5046,7240,1999
5047,7902,8637
5048,2666,7078
5049,6428,3611
5050,773,4819
5051,9612,4392
5052,9338,9361
5053,5288,483
5054,434,7291
5055,4784,2942
5056,7758,6975
5057,5047,1914
5058,8521,4299
5059,3510,5121
5060,1898,216
5061,9507,2912
5062,1078,1183
5063,1821,6015
5064,7394,1100
5065,8142,3535
5066,2118,2878
5067,7267,7407
5068,5260,8663
5069,8376,922
5070,3016,8711
5071,3900,1888
5072,2834,3055
5073,2756,543
5074,6270,2436
5075,2812,7055
5076,9853,2291
5077,487,2503
5078,5724,8667
5079,9255,399
5080,8490,1515
5081,5144,7491
5082,5576,4361
5083,7031,800
5084,8233,7612
5085,513,3278
5086,8168,1559
5087,7286,3962
5088,5464,7443
5089,4364,2127
5090,6998,7463
5091,9679,177
5092,8987,5031
5093,4374,1397
5094,1311,1174
5095,81,9680
5096,1351,5464
5097,14,1467
5098,7967,2361
5099,9243,912
5100,8674,6004
5101,5542,9475
5102,2310,3473
5103,2337,9312
5104,2293,2447
5105,3617,3085
5106,4533,4393
5107,2485,1019
5108,7241,2871
5109,7155,1551
5110,673,8132
5111,3966,2023
5112,9117,6280
5113,3188,4715
5114,1823,6449
5115,1844,4530
5116,4685,1491
5117,492,830
5118,6390,4345
5119,4625,1429
5120,9708,678
5121,5144,7389
5122,6815,6301
5123,2705,3154
5124,555,1673
5125,5763,39
5126,8616,6154
5127,8290,2984
5128,4927,2717
5129,1021,4295
5130,1980,6
5131,6804,3819
5132,1534,6572
5133,3671,7121
5134,4044,2770
5135,1386,4926
5136,6626,4126
5137,9685,2562
5138,3512,4023
5139,2631,6074
5140,7716,8656
5141,6474,1939
5142,2534,1771
5143,8193,7830
5144,3265,7852
5145,814,1700
5146,3450,1323
5147,1057,1023
5148,4616,1589
5149,4363,3138
5150,7436,3296
5151,9809,8862
5152,6202,25
5153,4491,6099
5154,3253,5004
5155,9692,295
5156,7016,4783
5157,8524,6998
5158,6225,604
5159,6672,3846
5160,3976,7577
5161,3931,2565
5162,5229,6533
5163,6014,1249
5164,5264,7297
5165,412,1124
5166,7194,5736
5167,9113,6122
5168,2201,204
5169,720,1153
5170,9464,4879
5171,6498,5100
5172,3836,6700
5173,300,4068
5174,7755,2208
5175,7746,7835
5176,904,6871
5177,8456,5758
5178,2681,6311
5179,4416,6918
5180,7322,5331
5181,1997,1643
5182,3674,7165
5183,5542,918
5184,1586,748
5185,6118,6305
5186,4758,229
5187,5488,6030
5188,852,7465
5189,2383,1217
5190,7690,4747
5191,3324,4426
5192,8484,2156
5193,9001,7315
5194,7618,7237
5195,1994,2050
5196,4680,4608
5197,4115,9275
5198,2192,4100
5199,4924,9766
5200,6234,6891
5201,2818,8248
5202,8515,6641
5203,4823,4193
5204,5523,491
5205,1401,5233
5206,1504,6418
5207,9488,1591
5208,3089,4123
5209,1713,6584
5210,1549,5860
5211,2944,2808
5212,4177,4668
5213,8898,1449
5214,4304,2896
5215,7072,461
5216,3700,6606
5217,8535,4889
5218,4899,9831
5219,3485,4376
5220,3038,6742
5221,2622,584
5222,4115,344
5223,8372,4950
5224,5970,4759
5225,9829,9793
5226,3916,1191
5227,8326,7885
5228,5799,8603
5229,9470,3863
5230,8462,7493
5231,7877,8304
5232,5221,3753
5233,3003,5976
5234,2187,4780
5235,4789,4040
5236,7352,3502
5237,9585,6827
5238,3062,4209
5239,1083,8474
5240,1771,3093
5241,8201,9603
5242,4324,722
5243,6513,6901
5244,7310,5633
5245,1754,9867
5246,1182,8216
5247,5007,2898
5248,6417,48
5249,5920,5897
5250,6173,4276
5251,8275,292
5252,390,4391
5253,8952,4525
5254,9468,1858
5255,4586,3976
5256,3234,1482
5257,8369,192
5258,6234,3114
5259,4676,531
5260,5371,6098
5261,3227,7495
5262,2180,9676
5263,4947,1384
5264,8875,246
5265,6491,4000
5266,2190,8305
5267,843,2209
5268,6763,133
5269,5093,7858
5270,235,9375
5271,2339,3347
5272,7816,3320
5273,7072,1982
5274,5456,755
5275,563,5004
5276,5538,5970
5277,4213,1281
5278,1909,8789
5279,9988,6838
5280,8087,9665
5281,5424,3441
5282,9315,4489
5283,6386,3843
5284,5580,4220
5285,1661,8446
5286,2470,5019
5287,9708,9584
5288,9700,9540
5289,7195,5536
5290,6475,7103
5291,1666,3732
5292,1462,4725
5293,4364,7133
5294,3875,8376
5295,3862,2032
5296,7674,5044
5297,1218,7681
5298,2366,9488
5299,4539,6350
5300,2364,1088
5301,3843,4917
5302,4817,5530
5303,4073,2323
5304,2632,1938
5305,5798,4154
5306,4640,4981
5307,6438,4254
5308,9451,1919
5309,8852,8461
5310,3011,4393
5311,7325,5785
5312,4552,9506
5313,2567,5379
5314,6101,7801
5315,6171,9733
5316,2656,4724
5317,3133,3691
5318,1839,6160
5319,7948,5935
5320,7336,7046
5321,2693,1185
5322,7809,1270
5323,9378,5023
5324,2102,3347
5325,7984,3494
5326,9769,9691
5327,4142,2789
5328,4036,5329
5329,5985,8346
5330,9770,1544
5331,6228,1948
5332,8427,606
5333,1709,5637
5334,3414,1794
5335,2219,2009
5336,713,5204
5337,3403,4951
5338,4820,8104
5339,5338,6683
5340,9179,7799
5341,2885,189
5342,6618,6946
5343,9852,6970
5344,355,115
5345,4021,2620
5346,3186,3026
5347,5900,7753
5348,6178,7248
5349,6760,5573
5350,2713,4372
5351,5081,9925
5352,414,1808
5353,4558,5010
5354,6235,5055
5355,8643,5765
5356,4861,7037
5357,4599,6917
5358,4856,3394
5359,811,74
5360,8984,1469
5361,5991,2461
5362,5730,6538
5363,2263,1006
5364,2313,9199
5365,1586,481
5366,5548,4105
5367,2987,5334
5368,6748,1053
5369,4480,6708
5370,9084,9565
5371,7776,8418
5372,6705,5434
5373,2906,6162
5374,2761,3105
5375,9792,9338
5376,1688,6963
5377,4826,6527
5378,3213,7412
5379,3591,9680
5380,1267,2352
5381,1231,1500
5382,8307,2661
5383,8115,514
5384,5367,8337
5385,8102,8963
5386,4825,2041
5387,3125,1142
5388,5562,1074
5389,4913,4936
5390,6063,1872
5391,6318,8493
5392,4198,5433
5393,915,8999
5394,5110,3125
5395,7570,3378
5396,4436,7173
5397,9490,3562
5398,3602,1772
5399,679,5322
5400,9986,3262
5401,7892,9522
5402,4952,9172
5403,2054,8724
5404,5453,4617
5405,9713,9147
5406,576,1413
5407,8969,5144
5408,5783,7907
5409,8407,9914
5410,4931,4368
5411,4219,8841
5412,1857,3315
5413,6672,8128
5414,3565,3811
5415,8571,2613
5416,6017,362
5417,5581,8725
5418,6171,4628
5419,2440,2017
5420,4269,9635
5421,5518,911
5422,3502,3603
5423,1605,9727
5424,510,5525
5425,4039,6923
5426,134,1690
5427,5494,7273
5428,9278,7422
5429,9805,6128
5430,6392,6974
5431,2785,7205
5432,9513,3127
5433,8966,5473
5434,5928,6221
5435,4606,80
5436,9023,6244
5437,9340,9945
5438,1487,1183
5439,4263,709
5440,8512,4259
5441,6554,862
5442,1541,9526
5443,4072,1413
5444,4334,2569
5445,4413,1312
5446,5943,5136
5447,9375,942
5448,6206,4122
5449,6675,1560
5450,4802,9489
5451,7004,7703
5452,2054,672
5453,2671,5196
5454,5461,1212
5455,4322,559
5456,2720,2032
5457,8626,4375
5458,5939,265
5459,2324,658
5460,1765,3482
5461,7795,7443
5462,7294,1373
5463,4216,502
5464,6803,9095
5465,5432,6464
5466,4781,471
5467,2183,6343
5468,711,6363
5469,3354,427
5470,7766,1470
5471,8698,5249
5472,2771,3714
5473,3973,1898
5474,884,294
5475,6142,6996
5476,2201,4324
5477,356,4140
5478,9937,8858
5479,4561,335
5480,9549,6354
5481,697,7788
5482,8748,416
5483,4738,7751
5484,7990,2776
5485,1698,9228
5486,5125,3130
5487,5364,1694
5488,1676,6491
5489,9685,2444
5490,4459,1489
5491,3419,1694
5492,9163,5914
5493,3844,7394
5494,2340,954
5495,3276,1069
5496,5519,8383
5497,4265,7568
5498,4213,5922
5499,3073,3705
5500,4070,2077
5501,7243,3027
5502,5653,7315
5503,9667,5211
5504,608,4193
5505,86,9279
5506,8302,95
5507,4541,9973
5508,6946,7282
5509,4807,2358
5510,3340,8689
5511,5279,3173
5512,5646,7650
5513,3485,9648
5514,1899,4785
5515,8680,7490
5516,1387,4588
5517,6249,9474
5518,1852,2526
5519,6203,6667
5520,8211,2806
5521,2174,6185
5522,8160,6707
5523,4970,9261
5524,223,414
5525,2385,3661
5526,7467,7300
5527,6781,7707
5528,477,319
5529,2969,6688
5530,210,5376
5531,2876,677
5532,2490,2827
5533,9711,9246
5534,8445,1358
5535,5488,7764
5536,8968,8591
5537,8111,7645
5538,8661,3394
5539,8886,8137
5540,1833,980
5541,3077,4220
5542,9942,2982
5543,4843,2467
5544,6257,9433
5545,497,9061
5546,9278,5395
5547,8224,696
5548,7783,780
5549,7635,7804
5550,5259,4440
5551,9015,4376
5552,3396,1984
5553,9182,5743
5554,3857,8399
5555,8435,7918
5556,3361,2374
5557,5256,741
5558,193,9660
5559,9740,624
5560,1037,5190
5561,1896,2433
5562,8995,1439
5563,4840,4524
5564,6053,1764
5565,6535,975
5566,8732,1902
5567,867,6011
5568,5402,8557
5569,9631,5587
5570,3736,9870
5571,5127,6816
5572,4590,2089
5573,9838,3150
5574,4913,9481
5575,9396,4759
5576,3334,7384
5577,8228,3722
5578,277,2407
5579,4905,6952
5580,4888,583
5581,6848,9147
5582,1027,183
5583,424,8867
5584,7006,3194
5585,7366,7309
5586,3806,9748
5587,4933,258
5588,2226,9521
5589,7867,1642
5590,584,6162
5591,4055,1628
5592,1887,357
5593,5591,5603
5594,1256,1151
5595,2053,6718
5596,3878,5209
5597,2625,9876
5598,612,949
5599,5274,7825
5600,5637,5659
5601,902,3074
5602,9703,6804
5603,2706,265
5604,1137,5282
5605,9795,366
5606,7435,1114
5607,186,5842
5608,6077,6591
5609,2773,2224
5610,4816,1596
5611,1811,8035
5612,400,2766
5613,4784,1806
5614,2211,5356
5615,2510,44
5616,4195,3155
5617,2356,8773
5618,6759,4306
5619,560,7337
5620,2992,3711
5621,4377,2380
5622,2863,4181
5623,32,766
5624,6500,9035
5625,5044,5238
5626,7409,5169
5627,1364,2010
5628,9148,3145
5629,9471,1469
5630,5508,9488
5631,7527,6662
5632,3819,6984
5633,2900,7081
5634,2706,4131
5635,1669,7621
5636,5634,3246
5637,1970,6649
5638,6150,2696
5639,4173,7379
5640,4439,2205
5641,6726,7383
5642,2991,9875
5643,5790,3320
5644,7886,8816
5645,675,7878
5646,523,9718
5647,8378,7988
5648,3890,6189
5649,8858,7092
5650,9932,3739
5651,8149,8258
5652,2572,4578
5653,2034,8202
5654,5494,7846
5655,549,1175
5656,6906,5529
5657,8161,1929
5658,8110,3269
5659,100,8545
5660,2345,9558
5661,9968,9052
5662,3500,7361
5663,7753,7626
5664,2843,8949
5665,9450,4362
5666,3577,4061
5667,8946,7876
5668,7794,2078
5669,6796,7618
5670,6321,5715
5671,8253,795
5672,7058,7363
5673,9559,478
5674,8466,5372
5675,6794,3528
5676,4658,4206
5677,5897,5395
5678,6763,3382
5679,4986,2779
5680,3643,5429
5681,2343,3885
5682,2829,253
5683,7106,4318
5684,3271,3960
5685,2774,6261
5686,4621,9284
5687,6152,118
5688,867,5839
5689,188,2988
5690,3103,2651
5691,6404,514
5692,9981,158
5693,1331,2303
5694,3676,4024
5695,5680,7276
5696,5477,1202
5697,4502,9842
5698,4412,5248
5699,3640,7653
5700,4752,290
5701,3986,1911
5702,8860,4157
5703,8859,1130
5704,7536,2960
5705,4454,7222
5706,3593,2070
5707,1911,4307
5708,2188,696
5709,578,5972
5710,6627,4860
5711,3248,6992
5712,2686,7534
5713,2731,6510
5714,8331,5225
5715,5113,1228
5716,8224,8673
5717,3845,4604
5718,1380,9840
5719,6584,3900
5720,8877,8364
5721,8711,9344
5722,2741,4322
5723,486,5502
5724,6822,4673
5725,6218,6678
5726,4580,9285
5727,2540,5292
5728,9226,1310
5729,330,3108
5730,2284,4236
5731,2423,8952
5732,203,8857
5733,5091,9225
5734,1208,4756
5735,4357,7343
5736,4192,8213
5737,5108,6655
5738,7333,4418
5739,1125,856
5740,4861,6717
5741,1119,2426
5742,8371,6375
5743,6330,3700
5744,8476,998
5745,1686,7240
5746,9156,3454
5747,7080,6029
5748,6935,415
5749,4879,7488
5750,5403,8554
5751,9461,1673
5752,6810,2689
5753,497,8885
5754,7710,3226
5755,9481,853
5756,8341,5328
5757,2052,6546
5758,5444,3191
5759,1182,7868
5760,1160,7658
5761,9333,8494
5762,2231,1458
5763,3008,4159
5764,5397,8404
5765,4143,3847
5766,7235,3704
5767,4717,7051
5768,2626,6850
5769,738,696
5770,6788,9199
5771,8581,7928
5772,6803,2318
5773,9439,5540
5774,2332,9144
5775,1578,3495
5776,5219,9165
5777,1641,2522
5778,5370,4557
5779,9617,7489
5780,7132,9407
5781,4933,5377
5782,8419,8850
5783,2687,6636
5784,8393,6573
5785,2778,4363
5786,7788,6453
5787,3229,1894
5788,171,2843
5789,1266,995
5790,8461,3999
5791,740,2009
5792,2721,5141
5793,2166,5280
5794,5503,4498
5795,6769,6552
5796,1853,5539
5797,7446,994
5798,2654,6026
5799,4785,7710
5800,134,6791
5801,1998,274
5802,7768,1151
5803,6518,7091
5804,576,6907
5805,9617,6211
5806,5820,4159
5807,3343,5256
5808,1429,6725
5809,8562,2213
5810,9964,9861
5811,8163,8487
5812,8479,9780
5813,437,7486
5814,5114,599
5815,6839,2614
5816,1434,9394
5817,6514,2081
5818,4334,2481
5819,5554,130
5820,2374,1329
5821,9618,553
5822,1837,8124
5823,7632,886
5824,1779,6240
5825,3263,2316
5826,723,379
5827,7692,6195
5828,4180,3749
5829,8744,6633
5830,7690,9514
5831,2131,1415
5832,7260,2627
5833,8634,3180
5834,32,7471
5835,2007,6792
5836,6771,8723
5837,9911,3095
5838,3525,6587
5839,3082,7704
5840,144,5355
5841,99,8776
5842,9001,7511
5843,7742,8240
5844,5312,1388
5845,6769,6312
5846,3026,521
5847,219,7078
5848,6718,13
5849,3146,2567
5850,7220,270
5851,1865,1401
5852,5320,5987
5853,1093,4819
5854,3894,5343
5855,4753,8065
5856,8448,7595
5857,784,6383
5858,1251,3486
5859,463,8626
5860,5560,3323
5861,9077,8350
5862,6070,7816
5863,4850,9671
5864,1332,5366
5865,2757,1895
5866,6028,5266
5867,6362,2392
5868,8171,6167
5869,6624,6575
5870,8821,2845
5871,1305,4694
5872,9254,1234
5873,9226,1045
5874,8211,3891
5875,162,972
5876,9471,664
5877,728,9294
5878,2522,5129
5879,8605,8605
5880,1459,2865
5881,496,7439
5882,1854,2093
5883,6720,5082
5884,6592,8065
5885,3452,7361
5886,4295,5976
5887,1590,3739
5888,1671,9253
5889,4775,2300
5890,7231,7787
5891,8540,2562
5892,5098,1365
5893,8237,2526
5894,3170,7011
5895,8526,4605
5896,4430,9441
5897,3727,3267
5898,2428,9766
5899,1806,7923
5900,6586,7334
5901,7005,6476
5902,1406,8708
5903,2205,8595
5904,1782,616
5905,4217,7129
5906,362,2313
5907,240,5498
5908,3917,3319
5909,4874,4226
5910,5810,2007
5911,3883,5371
5912,970,476
5913,534,9191
5914,7932,4574
5915,4201,9478
5916,5982,2618
5917,3062,2469
5918,9024,742
5919,2545,9027
5920,4024,6719
5921,4485,5809
5922,4775,2929
5923,4882,7718
5924,1483,3538
5925,4689,8796
5926,4126,4171
5927,2216,26
5928,507,3332
5929,5960,7343
5930,6224,4411
5931,947,3480
5932,8831,9521
5933,9532,5966
5934,8671,4561
5935,6487,7407
5936,1552,110
5937,1407,9063
5938,1788,5448
5939,6582,2075
5940,3736,9722
5941,9127,3681
5942,3210,1875
5943,1975,8079
5944,6644,4078
5945,8858,2591
5946,5582,9569
5947,8242,5548
5948,8818,5167
5949,5107,5517
5950,5329,6938
5951,9681,5786
5952,2963,5673
5953,3755,1855
5954,9836,9233
5955,6433,7036
5956,4857,8611
5957,7904,8102
5958,154,4002
5959,9934,2702
5960,5178,2991
5961,1168,6988
5962,793,899
5963,5274,6104
5964,6331,5048
5965,5934,7444
5966,5976,9796
5967,9701,7257
5968,7188,435
5969,2396,2941
5970,778,3952
5971,582,8270
5972,3474,4960
5973,1391,366
5974,9522,4396
5975,4240,6634
5976,2144,8777
5977,4286,1705
5978,7701,5269
5979,237,4125
5980,8188,9519
5981,4707,6009
5982,2986,115
5983,7463,3680
5984,152,1250
5985,151,2949
5986,9212,4666
5987,7625,5381
5988,9606,4727
5989,9161,9917
5990,3894,981
5991,3058,5240
5992,3722,9697
5993,1512,7593
5994,9221,6619
5995,4561,5218
5996,1036,8122
5997,6820,6511
5998,7146,9068
5999,8665,6754
